   10.000000000000000        1.6996998699275748E-002
   10.045045045045045        1.7266728309209552E-002
   10.090090090090090        1.7535769524019744E-002
   10.135135135135135        1.7804114360635757E-002
   10.180180180180180        1.8071754917532420E-002
   10.225225225225225        1.8338683374493087E-002
   10.270270270270270        1.8604891992373120E-002
   10.315315315315315        1.8870373112862795E-002
   10.360360360360360        1.9135119158250793E-002
   10.405405405405405        1.9399122631187267E-002
   10.450450450450450        1.9662376114447138E-002
   10.495495495495495        1.9924872270693263E-002
   10.540540540540540        2.0186603842239713E-002
   10.585585585585585        2.0447563650814959E-002
   10.630630630630630        2.0707744597325148E-002
   10.675675675675675        2.0967139661617239E-002
   10.720720720720720        2.1225741902242284E-002
   10.765765765765765        2.1483544456218660E-002
   10.810810810810811        2.1740540538795289E-002
   10.855855855855856        2.1996723443214829E-002
   10.900900900900901        2.2252086540476911E-002
   10.945945945945946        2.2506623279101381E-002
   10.990990990990991        2.2760327184891505E-002
   11.036036036036036        2.3013191860697248E-002
   11.081081081081081        2.3265210986178349E-002
   11.126126126126126        2.3516378317567761E-002
   11.171171171171171        2.3766687687434670E-002
   11.216216216216216        2.4016133004447854E-002
   11.261261261261261        2.4264708253138798E-002
   11.306306306306306        2.4512407493665081E-002
   11.351351351351351        2.4759224861573455E-002
   11.396396396396396        2.5005154567563054E-002
   11.441441441441441        2.5250190897248777E-002
   11.486486486486486        2.5494328210924299E-002
   11.531531531531531        2.5737560943325504E-002
   11.576576576576576        2.5979883603393567E-002
   11.621621621621621        2.6221290774038199E-002
   11.666666666666666        2.6461777111900970E-002
   11.711711711711711        2.6701337347118378E-002
   11.756756756756756        2.6939966283085159E-002
   11.801801801801801        2.7177658796217558E-002
   11.846846846846846        2.7414409835716424E-002
   11.891891891891891        2.7650214423330571E-002
   11.936936936936936        2.7885067653119891E-002
   11.981981981981981        2.8118964691218652E-002
   12.027027027027026        2.8351900775598692E-002
   12.072072072072071        2.8583871215832592E-002
   12.117117117117116        2.8814871392857062E-002
   12.162162162162161        2.9044896758735898E-002
   12.207207207207208        2.9273942836423553E-002
   12.252252252252251        2.9502005219527953E-002
   12.297297297297298        2.9729079572074185E-002
   12.342342342342342        2.9955161628267227E-002
   12.387387387387388        3.0180247192255573E-002
   12.432432432432432        3.0404332137894220E-002
   12.477477477477478        3.0627412408508088E-002
   12.522522522522522        3.0849484016654972E-002
   12.567567567567568        3.1070543043889065E-002
   12.612612612612612        3.1290585640523935E-002
   12.657657657657658        3.1509608025395944E-002
   12.702702702702702        3.1727606485627280E-002
   12.747747747747749        3.1944577376389338E-002
   12.792792792792792        3.2160517120665838E-002
   12.837837837837839        3.2375422209016250E-002
   12.882882882882882        3.2589289199338657E-002
   12.927927927927929        3.2802114716633315E-002
   12.972972972972972        3.3013895452765715E-002
   13.018018018018019        3.3224628166229828E-002
   13.063063063063062        3.3434309681911356E-002
   13.108108108108109        3.3642936890850982E-002
   13.153153153153152        3.3850506750007434E-002
   13.198198198198199        3.4057016282020972E-002
   13.243243243243242        3.4262462574976310E-002
   13.288288288288289        3.4466842782166128E-002
   13.333333333333332        3.4670154121854140E-002
   13.378378378378379        3.4872393877038256E-002
   13.423423423423422        3.5073559395213970E-002
   13.468468468468469        3.5273648088137516E-002
   13.513513513513512        3.5472657431589040E-002
   13.558558558558559        3.5670584965135858E-002
   13.603603603603602        3.5867428291895626E-002
   13.648648648648649        3.6063185078299836E-002
   13.693693693693694        3.6257853053856606E-002
   13.738738738738739        3.6451430010914221E-002
   13.783783783783784        3.6643913804424257E-002
   13.828828828828829        3.6835302351704749E-002
   13.873873873873874        3.7025593632203577E-002
   13.918918918918919        3.7214785687261519E-002
   13.963963963963964        3.7402876619875527E-002
   14.009009009009009        3.7589864594461966E-002
   14.054054054054053        3.7775747836619883E-002
   14.099099099099099        3.7960524632894212E-002
   14.144144144144143        3.8144193330538825E-002
   14.189189189189189        3.8326752337280140E-002
   14.234234234234233        3.8508200121079771E-002
   14.279279279279280        3.8688535209898414E-002
   14.324324324324325        3.8867756191458581E-002
   14.369369369369370        3.9045861713007987E-002
   14.414414414414415        3.9222850481082788E-002
   14.459459459459460        3.9398721261270808E-002
   14.504504504504505        3.9573472877974726E-002
   14.549549549549550        3.9747104214175356E-002
   14.594594594594595        3.9919614211194797E-002
   14.639639639639640        4.0091001868459604E-002
   14.684684684684685        4.0261266243264253E-002
   14.729729729729730        4.0430406450534195E-002
   14.774774774774775        4.0598421662588959E-002
   14.819819819819820        4.0765311108905689E-002
   14.864864864864865        4.0931074075881979E-002
   14.909909909909910        4.1095709906599519E-002
   14.954954954954955        4.1259218000586989E-002
   15.000000000000000        4.1421597813583490E-002
   15.045045045045045        4.1582848857301534E-002
   15.090090090090090        4.1742970699190543E-002
   15.135135135135135        4.1901962962199862E-002
   15.180180180180180        4.2059825324542208E-002
   15.225225225225225        4.2216557519456528E-002
   15.270270270270270        4.2372159334971585E-002
   15.315315315315315        4.2526630613669007E-002
   15.360360360360360        4.2679971252446575E-002
   15.405405405405405        4.2832181202281473E-002
   15.450450450450450        4.2983260467993209E-002
   15.495495495495495        4.3133209108007331E-002
   15.540540540540540        4.3282027234118337E-002
   15.585585585585585        4.3429715011252930E-002
   15.630630630630630        4.3576272657233253E-002
   15.675675675675675        4.3721700442540243E-002
   15.720720720720720        4.3865998690076638E-002
   15.765765765765765        4.4009167774930358E-002
   15.810810810810811        4.4151208124137684E-002
   15.855855855855856        4.4292120216446559E-002
   15.900900900900901        4.4431904582079552E-002
   15.945945945945946        4.4570561802497313E-002
   15.990990990990991        4.4708092510161897E-002
   16.036036036036037        4.4844497388299751E-002
   16.081081081081081        4.4979777170664884E-002
   16.126126126126124        4.5113932641302340E-002
   16.171171171171171        4.5246964634311458E-002
   16.216216216216218        4.5378874033608678E-002
   16.261261261261261        4.5509661772691258E-002
   16.306306306306304        4.5639328834400097E-002
   16.351351351351351        4.5767876250683251E-002
   16.396396396396398        4.5895305102358952E-002
   16.441441441441441        4.6021616518879177E-002
   16.486486486486484        4.6146811678092196E-002
   16.531531531531531        4.6270891806006548E-002
   16.576576576576578        4.6393858176553872E-002
   16.621621621621621        4.6515712111351970E-002
   16.666666666666664        4.6636454979468597E-002
   16.711711711711711        4.6756088197184048E-002
   16.756756756756758        4.6874613227754838E-002
   16.801801801801801        4.6992031581176860E-002
   16.846846846846844        4.7108344813948107E-002
   16.891891891891891        4.7223554528832763E-002
   16.936936936936938        4.7337662374623612E-002
   16.981981981981981        4.7450670045905891E-002
   17.027027027027025        4.7562579282819983E-002
   17.072072072072071        4.7673391870825151E-002
   17.117117117117118        4.7783109640462146E-002
   17.162162162162161        4.7891734467117295E-002
   17.207207207207205        4.7999268270784594E-002
   17.252252252252251        4.8105713015830151E-002
   17.297297297297298        4.8211070710754346E-002
   17.342342342342342        4.8315343407955819E-002
   17.387387387387388        4.8418533203494374E-002
   17.432432432432432        4.8520642236854025E-002
   17.477477477477478        4.8621672690706580E-002
   17.522522522522522        4.8721626790674724E-002
   17.567567567567568        4.8820506805095129E-002
   17.612612612612612        4.8918315044781779E-002
   17.657657657657658        4.9015053862789273E-002
   17.702702702702702        4.9110725654175950E-002
   17.747747747747749        4.9205332855766920E-002
   17.792792792792792        4.9298877945917752E-002
   17.837837837837839        4.9391363444277511E-002
   17.882882882882882        4.9482791911551416E-002
   17.927927927927929        4.9573165949265079E-002
   17.972972972972972        4.9662488199526927E-002
   18.018018018018019        4.9750761344791977E-002
   18.063063063063062        4.9837988107624270E-002
   18.108108108108105        4.9924171250461197E-002
   18.153153153153152        5.0009313575375823E-002
   18.198198198198199        5.0093417923840533E-002
   18.243243243243242        5.0176487176489842E-002
   18.288288288288285        5.0258524252884441E-002
   18.333333333333332        5.0339532111273469E-002
   18.378378378378379        5.0419513748358527E-002
   18.423423423423422        5.0498472199056260E-002
   18.468468468468465        5.0576410536261926E-002
   18.513513513513512        5.0653331870612578E-002
   18.558558558558559        5.0729239350250518E-002
   18.603603603603602        5.0804136160585885E-002
   18.648648648648649        5.0878025524060504E-002
   18.693693693693696        5.0950910699910715E-002
   18.738738738738739        5.1022794983930898E-002
   18.783783783783782        5.1093681708236520E-002
   18.828828828828829        5.1163574241027285E-002
   18.873873873873876        5.1232475986350640E-002
   18.918918918918919        5.1300390383864733E-002
   18.963963963963963        5.1367320908601674E-002
   19.009009009009009        5.1433271070730952E-002
   19.054054054054056        5.1498244415322282E-002
   19.099099099099099        5.1562244522109293E-002
   19.144144144144143        5.1625275005252477E-002
   19.189189189189189        5.1687339513102420E-002
   19.234234234234236        5.1748441727962988E-002
   19.279279279279280        5.1808585365854747E-002
   19.324324324324323        5.1867774176278109E-002
   19.369369369369370        5.1926011941976255E-002
   19.414414414414416        5.1983302478698951E-002
   19.459459459459460        5.2039649634965296E-002
   19.504504504504503        5.2095057291826972E-002
   19.549549549549550        5.2149529362631619E-002
   19.594594594594597        5.2203069792786244E-002
   19.639639639639640        5.2255682559519998E-002
   19.684684684684683        5.2307371671647708E-002
   19.729729729729730        5.2358141169332961E-002
   19.774774774774777        5.2407995123851511E-002
   19.819819819819820        5.2456937637354192E-002
   19.864864864864863        5.2504972842630587E-002
   19.909909909909910        5.2552104902871488E-002
   19.954954954954957        5.2598338011433383E-002
   20.000000000000000        5.2643676391600183E-002
   20.045045045045043        5.2688124296347665E-002
   20.090090090090090        5.2731686008105981E-002
   20.135135135135137        5.2774365838523199E-002
   20.180180180180180        5.2816168128228314E-002
   20.225225225225223        5.2857097246594910E-002
   20.270270270270270        5.2897157591503666E-002
   20.315315315315317        5.2936353589106297E-002
   20.360360360360360        5.2974689693588387E-002
   20.405405405405403        5.3012170386932338E-002
   20.450450450450450        5.3048800178681653E-002
   20.495495495495497        5.3084583605702916E-002
   20.540540540540540        5.3119525231949689E-002
   20.585585585585584        5.3153629648225557E-002
   20.630630630630630        5.3186901471947524E-002
   20.675675675675677        5.3219345346909058E-002
   20.720720720720720        5.3250965943043307E-002
   20.765765765765764        5.3281767956186409E-002
   20.810810810810811        5.3311756107840509E-002
   20.855855855855857        5.3340935144937721E-002
   20.900900900900901        5.3369309839602211E-002
   20.945945945945944        5.3396884988914144E-002
   20.990990990990991        5.3423665414672840E-002
   21.036036036036037        5.3449655963160009E-002
   21.081081081081081        5.3474861504902653E-002
   21.126126126126124        5.3499286934436799E-002
   21.171171171171171        5.3522937170070159E-002
   21.216216216216218        5.3545817153645862E-002
   21.261261261261261        5.3567931850305339E-002
   21.306306306306304        5.3589286248251752E-002
   21.351351351351351        5.3609885358513028E-002
   21.396396396396398        5.3629734214705377E-002
   21.441441441441441        5.3648837872795917E-002
   21.486486486486484        5.3667201410866797E-002
   21.531531531531531        5.3684829928877791E-002
   21.576576576576578        5.3701728548429431E-002
   21.621621621621621        5.3717902412526476E-002
   21.666666666666664        5.3733356685341557E-002
   21.711711711711711        5.3748096551977521E-002
   21.756756756756758        5.3762127218231134E-002
   21.801801801801801        5.3775453910356499E-002
   21.846846846846844        5.3788081874827885E-002
   21.891891891891891        5.3800016378103159E-002
   21.936936936936938        5.3811262706386809E-002
   21.981981981981981        5.3821826165393681E-002
   22.027027027027025        5.3831712080111581E-002
   22.072072072072071        5.3840925794564572E-002
   22.117117117117118        5.3849472671576887E-002
   22.162162162162161        5.3857358092535161E-002
   22.207207207207205        5.3864587457152724E-002
   22.252252252252251        5.3871166183231387E-002
   22.297297297297298        5.3877099706426575E-002
   22.342342342342342        5.3882393480008624E-002
   22.387387387387385        5.3887052974627314E-002
   22.432432432432432        5.3891083678074547E-002
   22.477477477477478        5.3894491095047549E-002
   22.522522522522522        5.3897280746912683E-002
   22.567567567567565        5.3899458171467976E-002
   22.612612612612612        5.3901028922705971E-002
   22.657657657657658        5.3901998570578855E-002
   22.702702702702702        5.3902372700759080E-002
   22.747747747747745        5.3902156914404836E-002
   22.792792792792792        5.3901356827921770E-002
   22.837837837837839        5.3899978072727076E-002
   22.882882882882882        5.3898026295012572E-002
   22.927927927927925        5.3895507155507213E-002
   22.972972972972972        5.3892426329241211E-002
   23.018018018018019        5.3888789505309106E-002
   23.063063063063062        5.3884602386632327E-002
   23.108108108108105        5.3879870689723525E-002
   23.153153153153152        5.3874600144448628E-002
   23.198198198198199        5.3868796493790921E-002
   23.243243243243242        5.3862465493613468E-002
   23.288288288288285        5.3855612912423620E-002
   23.333333333333332        5.3848244531134751E-002
   23.378378378378379        5.3840366142830415E-002
   23.423423423423422        5.3831983552527371E-002
   23.468468468468465        5.3823102576938703E-002
   23.513513513513512        5.3813729044237021E-002
   23.558558558558559        5.3803868793817877E-002
   23.603603603603602        5.3793527676062949E-002
   23.648648648648646        5.3782711552102971E-002
   23.693693693693692        5.3771426293581240E-002
   23.738738738738739        5.3759677782416831E-002
   23.783783783783782        5.3747471910567890E-002
   23.828828828828826        5.3734814579794316E-002
   23.873873873873872        5.3721711701422009E-002
   23.918918918918919        5.3708169196104910E-002
   23.963963963963963        5.3694192993589268E-002
   24.009009009009006        5.3679789032475861E-002
   24.054054054054053        5.3664963259984558E-002
   24.099099099099099        5.3649721631715552E-002
   24.144144144144143        5.3634070111415008E-002
   24.189189189189186        5.3618014670736361E-002
   24.234234234234233        5.3601561289004521E-002
   24.279279279279280        5.3584715952978312E-002
   24.324324324324323        5.3567484656614706E-002
   24.369369369369366        5.3549873400831532E-002
   24.414414414414413        5.3531888193270316E-002
   24.459459459459460        5.3513535048060196E-002
   24.504504504504503        5.3494819985580547E-002
   24.549549549549550        5.3475749032224920E-002
   24.594594594594597        5.3456328220163551E-002
   24.639639639639640        5.3436563587106772E-002
   24.684684684684683        5.3416461176068505E-002
   24.729729729729730        5.3396027035129232E-002
   24.774774774774777        5.3375267217199651E-002
   24.819819819819820        5.3354187779782805E-002
   24.864864864864863        5.3332794784738874E-002
   24.909909909909910        5.3311094298047090E-002
   24.954954954954957        5.3289092389569567E-002
   25.000000000000000        5.3266795132814307E-002
   25.045045045045043        5.3244208604698570E-002
   25.090090090090090        5.3221338885312330E-002
   25.135135135135137        5.3198192057680629E-002
   25.180180180180180        5.3174774207528169E-002
   25.225225225225223        5.3151091423040669E-002
   25.270270270270270        5.3127149794630540E-002
   25.315315315315317        5.3102955414697450E-002
   25.360360360360360        5.3078514377393693E-002
   25.405405405405403        5.3053832778386448E-002
   25.450450450450450        5.3028916714620428E-002
   25.495495495495497        5.3003772284082720E-002
   25.540540540540540        5.2978405585564756E-002
   25.585585585585584        5.2952822718425094E-002
   25.630630630630630        5.2927029782354959E-002
   25.675675675675677        5.2901032877138682E-002
   25.720720720720720        5.2874838102418373E-002
   25.765765765765764        5.2848451557457238E-002
   25.810810810810811        5.2821879340902309E-002
   25.855855855855857        5.2795127550547716E-002
   25.900900900900901        5.2768202283098628E-002
   25.945945945945944        5.2741109633933109E-002
   25.990990990990991        5.2713855696866457E-002
   26.036036036036034        5.2686446563914358E-002
   26.081081081081081        5.2658888325055414E-002
   26.126126126126124        5.2631187067995105E-002
   26.171171171171171        5.2603348877928668E-002
   26.216216216216214        5.2575379837304592E-002
   26.261261261261261        5.2547286025586531E-002
   26.306306306306304        5.2519073519019077E-002
   26.351351351351351        5.2490748390389058E-002
   26.396396396396394        5.2462316708788037E-002
   26.441441441441441        5.2433784539378692E-002
   26.486486486486484        5.2405157943154534E-002
   26.531531531531531        5.2376442976705267E-002
   26.576576576576574        5.2347645691979638E-002
   26.621621621621621        5.2318772136047825E-002
   26.666666666666664        5.2289828350865653E-002
   26.711711711711711        5.2260820373037614E-002
   26.756756756756754        5.2231754233578703E-002
   26.801801801801801        5.2202635957680932E-002
   26.846846846846844        5.2173471564473023E-002
   26.891891891891891        5.2144267066785016E-002
   26.936936936936934        5.2115028470912317E-002
   26.981981981981981        5.2085761776377415E-002
   27.027027027027025        5.2056472975694434E-002
   27.072072072072071        5.2027168054131046E-002
   27.117117117117115        5.1997852989473542E-002
   27.162162162162161        5.1968533751788143E-002
   27.207207207207205        5.1939216303184627E-002
   27.252252252252251        5.1909906597581545E-002
   27.297297297297298        5.1880610580465419E-002
   27.342342342342342        5.1851334188658865E-002
   27.387387387387388        5.1822083350079429E-002
   27.432432432432432        5.1792863983506132E-002
   27.477477477477478        5.1763681998340000E-002
   27.522522522522522        5.1734543294370078E-002
   27.567567567567568        5.1705453761533071E-002
   27.612612612612612        5.1676419279680891E-002
   27.657657657657658        5.1647445718339957E-002
   27.702702702702702        5.1618538936477276E-002
   27.747747747747749        5.1589704782261409E-002
   27.792792792792792        5.1560949092827685E-002
   27.837837837837839        5.1532277694039924E-002
   27.882882882882882        5.1503696400254179E-002
   27.927927927927929        5.1475211014082867E-002
   27.972972972972972        5.1446827326155992E-002
   28.018018018018019        5.1418551114886357E-002
   28.063063063063062        5.1390388146231675E-002
   28.108108108108109        5.1362344173457974E-002
   28.153153153153152        5.1334424936903461E-002
   28.198198198198199        5.1306636163740621E-002
   28.243243243243242        5.1278983567739744E-002
   28.288288288288289        5.1251472849033169E-002
   28.333333333333332        5.1224109693877889E-002
   28.378378378378379        5.1196899774418075E-002
   28.423423423423422        5.1169848748448626E-002
   28.468468468468469        5.1142962259178915E-002
   28.513513513513512        5.1116245934996724E-002
   28.558558558558559        5.1089705389229439E-002
   28.603603603603602        5.1063346219908351E-002
   28.648648648648649        5.1037174009532255E-002
   28.693693693693692        5.1011194324829590E-002
   28.738738738738739        5.0985412716523487E-002
   28.783783783783782        5.0959834719092795E-002
   28.828828828828829        5.0934465850536903E-002
   28.873873873873872        5.0909311612138186E-002
   28.918918918918919        5.0884377488225635E-002
   28.963963963963963        5.0859668945937797E-002
   29.009009009009009        5.0835191434985855E-002
   29.054054054054053        5.0810950387418119E-002
   29.099099099099099        5.0786951217380610E-002
   29.144144144144143        5.0763199320883329E-002
   29.189189189189189        5.0739700075561694E-002
   29.234234234234233        5.0716458840439432E-002
   29.279279279279280        5.0693480955692954E-002
   29.324324324324323        5.0670771742414938E-002
   29.369369369369370        5.0648336502375296E-002
   29.414414414414413        5.0626180517787167E-002
   29.459459459459460        5.0604309051068053E-002
   29.504504504504503        5.0582727344603812E-002
   29.549549549549550        5.0561440620511516E-002
   29.594594594594593        5.0540454080404584E-002
   29.639639639639640        5.0519772905153193E-002
   29.684684684684683        5.0499402254648190E-002
   29.729729729729730        5.0479347267566532E-002
   29.774774774774773        5.0459613061131392E-002
   29.819819819819820        5.0440204730878235E-002
   29.864864864864863        5.0421127350415207E-002
   29.909909909909910        5.0402385971188901E-002
   29.954954954954953        5.0383985622246330E-002
   30.000000000000000        5.0365931309997725E-002
   30.045045045045043        5.0348228017980667E-002
   30.090090090090090        5.0330880706623671E-002
   30.135135135135133        5.0313894313007534E-002
   30.180180180180180        5.0297273750630700E-002
   30.225225225225223        5.0281023909171052E-002
   30.270270270270270        5.0265149654249552E-002
   30.315315315315313        5.0249655827194040E-002
   30.360360360360360        5.0234547244802141E-002
   30.405405405405403        5.0219828699103075E-002
   30.450450450450450        5.0205504957123115E-002
   30.495495495495494        5.0191580760647503E-002
   30.540540540540540        5.0178060825984250E-002
   30.585585585585584        5.0164949843726603E-002
   30.630630630630630        5.0152252478517179E-002
   30.675675675675674        5.0139973368810875E-002
   30.720720720720720        5.0128117126636840E-002
   30.765765765765764        5.0116688337365156E-002
   30.810810810810811        5.0105691559464871E-002
   30.855855855855854        5.0095131324272013E-002
   30.900900900900901        5.0085012135750229E-002
   30.945945945945944        5.0075338470255415E-002
   30.990990990990991        5.0066114776296800E-002
   31.036036036036034        5.0057345474303294E-002
   31.081081081081081        5.0049034956383021E-002
   31.126126126126124        5.0041187586090330E-002
   31.171171171171171        5.0033807698186161E-002
   31.216216216216214        5.0026899598402619E-002
   31.261261261261261        5.0020467563205495E-002
   31.306306306306304        5.0014515839558960E-002
   31.351351351351351        5.0009048644686360E-002
   31.396396396396394        5.0004070165835524E-002
   31.441441441441441        4.9999584560041055E-002
   31.486486486486484        4.9995595953887639E-002
   31.531531531531531        4.9992108443273897E-002
   31.576576576576574        4.9989126093174685E-002
   31.621621621621621        4.9986652937404452E-002
   31.666666666666664        4.9984692978381484E-002
   31.711711711711711        4.9983250186889649E-002
   31.756756756756754        4.9982328501842754E-002
   31.801801801801801        4.9981931830047066E-002
   31.846846846846844        4.9982064045964780E-002
   31.891891891891891        4.9982728991477821E-002
   31.936936936936934        4.9983930475650251E-002
   31.981981981981981        4.9985672274492521E-002
   32.027027027027025        4.9987958130721988E-002
   32.072072072072075        4.9990791753530106E-002
   32.117117117117118        4.9994176818341896E-002
   32.162162162162161        4.9998116966583517E-002
   32.207207207207205        5.0002615805440020E-002
   32.252252252252248        5.0007676907622700E-002
   32.297297297297291        5.0013303811131782E-002
   32.342342342342342        5.0019500019018281E-002
   32.387387387387385        5.0026268999146917E-002
   32.432432432432435        5.0033614183961628E-002
   32.477477477477478        5.0041538970247545E-002
   32.522522522522522        5.0050046718893737E-002
   32.567567567567565        5.0059140754655673E-002
   32.612612612612608        5.0068824365921805E-002
   32.657657657657651        5.0079100804472254E-002
   32.702702702702702        5.0089973285246558E-002
   32.747747747747745        5.0101444986103638E-002
   32.792792792792795        5.0113519047584876E-002
   32.837837837837839        5.0126198572681968E-002
   32.882882882882882        5.0139486626593677E-002
   32.927927927927925        5.0153386236492181E-002
   32.972972972972968        5.0167900391288101E-002
   33.018018018018012        5.0183032041390796E-002
   33.063063063063062        5.0198784098472005E-002
   33.108108108108112        5.0215159435231360E-002
   33.153153153153156        5.0232160885156973E-002
   33.198198198198199        5.0249791242288289E-002
   33.243243243243242        5.0268053260983714E-002
   33.288288288288285        5.0286949655677926E-002
   33.333333333333329        5.0306483100650445E-002
   33.378378378378379        5.0326656229783995E-002
   33.423423423423422        5.0347471636331242E-002
   33.468468468468473        5.0368931872677047E-002
   33.513513513513516        5.0391039450102038E-002
   33.558558558558559        5.0413796838544689E-002
   33.603603603603602        5.0437206466363960E-002
   33.648648648648646        5.0461270720104701E-002
   33.693693693693689        5.0485991944261732E-002
   33.738738738738739        5.0511372441038427E-002
   33.783783783783782        5.0537414470114506E-002
   33.828828828828833        5.0564120248406508E-002
   33.873873873873876        5.0591491949832590E-002
   33.918918918918919        5.0619531705074938E-002
   33.963963963963963        5.0648241601344235E-002
   34.009009009009006        5.0677623682139350E-002
   34.054054054054049        5.0707679947016471E-002
   34.099099099099099        5.0738412351346074E-002
   34.144144144144143        5.0769822806080611E-002
   34.189189189189193        5.0801913177515368E-002
   34.234234234234236        5.0834685287052483E-002
   34.279279279279280        5.0868140910965698E-002
   34.324324324324323        5.0902281780160319E-002
   34.369369369369366        5.0937109579937467E-002
   34.414414414414409        5.0972625949760264E-002
   34.459459459459460        5.1008832483013355E-002
   34.504504504504503        5.1045730726768546E-002
   34.549549549549553        5.1083322181544988E-002
   34.594594594594597        5.1121608301076815E-002
   34.639639639639640        5.1160590492073554E-002
   34.684684684684683        5.1200270113981650E-002
   34.729729729729726        5.1240648478753203E-002
   34.774774774774770        5.1281726850602838E-002
   34.819819819819820        5.1323506445776212E-002
   34.864864864864863        5.1365988432308884E-002
   34.909909909909913        5.1409173929793828E-002
   34.954954954954957        5.1453064009139737E-002
   35.000000000000000        5.1497659692340325E-002
   35.045045045045043        5.1542961952230626E-002
   35.090090090090087        5.1588971712256626E-002
   35.135135135135130        5.1635689846233457E-002
   35.180180180180180        5.1683117178112803E-002
   35.225225225225223        5.1731254481741318E-002
   35.270270270270274        5.1780102480630141E-002
   35.315315315315317        5.1829661847711761E-002
   35.360360360360360        5.1879933205107753E-002
   35.405405405405403        5.1930917123890419E-002
   35.450450450450447        5.1982614123842974E-002
   35.495495495495490        5.2035024673230068E-002
   35.540540540540540        5.2088149188553978E-002
   35.585585585585584        5.2141988034321129E-002
   35.630630630630634        5.2196541522804618E-002
   35.675675675675677        5.2251809913808844E-002
   35.720720720720720        5.2307793414428039E-002
   35.765765765765764        5.2364492178817112E-002
   35.810810810810807        5.2421906307947408E-002
   35.855855855855850        5.2480035849374551E-002
   35.900900900900901        5.2538880797001086E-002
   35.945945945945944        5.2598441090836223E-002
   35.990990990990994        5.2658716616765133E-002
   36.036036036036037        5.2719707206306032E-002
   36.081081081081081        5.2781412636376146E-002
   36.126126126126124        5.2843832629057896E-002
   36.171171171171167        5.2906966851356763E-002
   36.216216216216210        5.2970814914965803E-002
   36.261261261261261        5.3035376376033283E-002
   36.306306306306304        5.3100650734919652E-002
   36.351351351351354        5.3166637435966169E-002
   36.396396396396398        5.3233335867252318E-002
   36.441441441441441        5.3300745360365442E-002
   36.486486486486484        5.3368865190160153E-002
   36.531531531531527        5.3437694574521744E-002
   36.576576576576571        5.3507232674130600E-002
   36.621621621621621        5.3577478592224170E-002
   36.666666666666664        5.3648431374359595E-002
   36.711711711711715        5.3720090008182786E-002
   36.756756756756758        5.3792453423180731E-002
   36.801801801801801        5.3865520490456120E-002
   36.846846846846844        5.3939290022482989E-002
   36.891891891891888        5.4013760772872565E-002
   36.936936936936931        5.4088931436136467E-002
   36.981981981981981        5.4164800647449884E-002
   37.027027027027025        5.4241366982415440E-002
   37.072072072072075        5.4318628956825599E-002
   37.117117117117118        5.4396585026424082E-002
   37.162162162162161        5.4475233586672722E-002
   37.207207207207205        5.4554572972512760E-002
   37.252252252252248        5.4634601458127818E-002
   37.297297297297291        5.4715317256707419E-002
   37.342342342342342        5.4796718520210730E-002
   37.387387387387385        5.4878803339130200E-002
   37.432432432432435        5.4961569742252303E-002
   37.477477477477478        5.5045015696424615E-002
   37.522522522522522        5.5129139106314007E-002
   37.567567567567565        5.5213937814175162E-002
   37.612612612612608        5.5299409599609994E-002
   37.657657657657651        5.5385552179333053E-002
   37.702702702702702        5.5472363206934050E-002
   37.747747747747745        5.5559840272639383E-002
   37.792792792792795        5.5647980903079430E-002
   37.837837837837839        5.5736782561047860E-002
   37.882882882882882        5.5826242645266033E-002
   37.927927927927925        5.5916358490147089E-002
   37.972972972972968        5.6007127365558573E-002
   38.018018018018012        5.6098546476584188E-002
   38.063063063063062        5.6190612963291864E-002
   38.108108108108105        5.6283323900489068E-002
   38.153153153153156        5.6376676297495654E-002
   38.198198198198199        5.6470667097897054E-002
   38.243243243243242        5.6565293179316356E-002
   38.288288288288285        5.6660551353170607E-002
   38.333333333333329        5.6756438364438777E-002
   38.378378378378372        5.6852950891423615E-002
   38.423423423423422        5.6950085545514173E-002
   38.468468468468465        5.7047838870946666E-002
   38.513513513513516        5.7146207344574096E-002
   38.558558558558559        5.7245187375624118E-002
   38.603603603603602        5.7344775305465001E-002
   38.648648648648646        5.7444967407365599E-002
   38.693693693693689        5.7545759886262871E-002
   38.738738738738732        5.7647148878521071E-002
   38.783783783783782        5.7749130451699271E-002
   38.828828828828826        5.7851700604311329E-002
   38.873873873873876        5.7954855265586303E-002
   38.918918918918919        5.8058590295242962E-002
   38.963963963963963        5.8162901483237883E-002
   39.009009009009006        5.8267784549540957E-002
   39.054054054054049        5.8373235143890478E-002
   39.099099099099099        5.8479248845563103E-002
   39.144144144144143        5.8585821163130825E-002
   39.189189189189193        5.8692947534229378E-002
   39.234234234234236        5.8800623325316770E-002
   39.279279279279280        5.8908843831441793E-002
   39.324324324324323        5.9017604276001334E-002
   39.369369369369366        5.9126899810508560E-002
   39.414414414414409        5.9236725514353550E-002
   39.459459459459460        5.9347076394566933E-002
   39.504504504504503        5.9457947385585408E-002
   39.549549549549553        5.9569333349008602E-002
   39.594594594594597        5.9681229073370368E-002
   39.639639639639640        5.9793629273897420E-002
   39.684684684684683        5.9906528592272190E-002
   39.729729729729726        6.0019921596398795E-002
   39.774774774774770        6.0133802780161894E-002
   39.819819819819820        6.0248166563197092E-002
   39.864864864864863        6.0363007290647364E-002
   39.909909909909913        6.0478319232926792E-002
   39.954954954954957        6.0594096585489865E-002
   40.000000000000000        6.0710333468585453E-002
   40.045045045045043        6.0827023927030988E-002
   40.090090090090087        6.0944161929965768E-002
   40.135135135135130        6.1061741370618705E-002
   40.180180180180180        6.1179756066071844E-002
   40.225225225225223        6.1298199757023220E-002
   40.270270270270274        6.1417066107547935E-002
   40.315315315315317        6.1536348704865684E-002
   40.360360360360360        6.1656041059097166E-002
   40.405405405405403        6.1776136603038490E-002
   40.450450450450447        6.1896628691910260E-002
   40.495495495495490        6.2017510603130654E-002
   40.540540540540540        6.2138775536079383E-002
   40.585585585585584        6.2260416611853220E-002
   40.630630630630634        6.2382426873032415E-002
   40.675675675675677        6.2504799283450652E-002
   40.720720720720720        6.2627526727949245E-002
   40.765765765765764        6.2750602012141332E-002
   40.810810810810807        6.2874017862182940E-002
   40.855855855855850        6.2997766924527632E-002
   40.900900900900901        6.3121841765692244E-002
   40.945945945945944        6.3246234872023299E-002
   40.990990990990994        6.3370938649453867E-002
   41.036036036036037        6.3495945423275524E-002
   41.081081081081081        6.3621247437893880E-002
   41.126126126126124        6.3746836856594102E-002
   41.171171171171167        6.3872705761305104E-002
   41.216216216216210        6.3998846152363287E-002
   41.261261261261261        6.4125249948275398E-002
   41.306306306306304        6.4251908985477613E-002
   41.351351351351354        6.4378815018105495E-002
   41.396396396396398        6.4505959717754191E-002
   41.441441441441441        6.4633334673238618E-002
   41.486486486486484        6.4760931390360543E-002
   41.531531531531527        6.4888741291675656E-002
   41.576576576576571        6.5016755716243102E-002
   41.621621621621621        6.5144965919402997E-002
   41.666666666666664        6.5273363072535284E-002
   41.711711711711715        6.5401938262820369E-002
   41.756756756756758        6.5530682493001313E-002
   41.801801801801801        6.5659586681154014E-002
   41.846846846846844        6.5788641660441627E-002
   41.891891891891888        6.5917838178884525E-002
   41.936936936936931        6.6047166899121157E-002
   41.981981981981981        6.6176618398172460E-002
   42.027027027027025        6.6306183167200938E-002
   42.072072072072068        6.6435851611278629E-002
   42.117117117117118        6.6565614049148847E-002
   42.162162162162161        6.6695460712986820E-002
   42.207207207207205        6.6825381748169432E-002
   42.252252252252248        6.6955367213029859E-002
   42.297297297297298        6.7085407078628645E-002
   42.342342342342342        6.7215491228509894E-002
   42.387387387387385        6.7345609458470790E-002
   42.432432432432428        6.7475751476321788E-002
   42.477477477477478        6.7605906901648360E-002
   42.522522522522522        6.7736065265576961E-002
   42.567567567567565        6.7866216010538549E-002
   42.612612612612608        6.7996348490028780E-002
   42.657657657657658        6.8126451968372859E-002
   42.702702702702702        6.8256515620491287E-002
   42.747747747747745        6.8386528531657165E-002
   42.792792792792788        6.8516479697266375E-002
   42.837837837837839        6.8646358022594001E-002
   42.882882882882882        6.8776152322563400E-002
   42.927927927927925        6.8905851321506395E-002
   42.972972972972968        6.9035443652925021E-002
   43.018018018018019        6.9164917859261710E-002
   43.063063063063062        6.9294262391650596E-002
   43.108108108108105        6.9423465609693924E-002
   43.153153153153148        6.9552515781217350E-002
   43.198198198198199        6.9681401082031025E-002
   43.243243243243242        6.9810109595701997E-002
   43.288288288288285        6.9938629313310186E-002
   43.333333333333329        7.0066948133210794E-002
   43.378378378378379        7.0195053860805601E-002
   43.423423423423422        7.0322934208294940E-002
   43.468468468468465        7.0450576794452102E-002
   43.513513513513509        7.0577969144377306E-002
   43.558558558558559        7.0705098689268997E-002
   43.603603603603602        7.0831952766177597E-002
   43.648648648648646        7.0958518617779909E-002
   43.693693693693689        7.1084783392131312E-002
   43.738738738738739        7.1210734142437282E-002
   43.783783783783782        7.1336357826813801E-002
   43.828828828828826        7.1461641308047108E-002
   43.873873873873869        7.1586571353366324E-002
   43.918918918918919        7.1711134634192764E-002
   43.963963963963963        7.1835317725915671E-002
   44.009009009009006        7.1959107107651743E-002
   44.054054054054049        7.2082489162002661E-002
   44.099099099099099        7.2205450174826602E-002
   44.144144144144143        7.2327976334995325E-002
   44.189189189189186        7.2450053734163467E-002
   44.234234234234229        7.2571668366524733E-002
   44.279279279279280        7.2692806128578535E-002
   44.324324324324323        7.2813452818895952E-002
   44.369369369369366        7.2933594137877034E-002
   44.414414414414409        7.3053215687522766E-002
   44.459459459459460        7.3172302971183267E-002
   44.504504504504503        7.3290841393338635E-002
   44.549549549549546        7.3408816259352028E-002
   44.594594594594597        7.3526212775233413E-002
   44.639639639639640        7.3643016047405085E-002
   44.684684684684683        7.3759211082463638E-002
   44.729729729729726        7.3874782786944593E-002
   44.774774774774777        7.3989715967083036E-002
   44.819819819819820        7.4103995328582251E-002
   44.864864864864863        7.4217605476366799E-002
   44.909909909909906        7.4330530914357595E-002
   44.954954954954957        7.4442756045226099E-002
   45.000000000000000        7.4554265170165834E-002
   45.045045045045043        7.4665042488643918E-002
   45.090090090090087        7.4775072098178352E-002
   45.135135135135137        7.4884337994087335E-002
   45.180180180180180        7.4992824069263886E-002
   45.225225225225223        7.5100514113934036E-002
   45.270270270270267        7.5207391815418578E-002
   45.315315315315317        7.5313440757901251E-002
   45.360360360360360        7.5418644422182712E-002
   45.405405405405403        7.5522986185456720E-002
   45.450450450450447        7.5626449321062328E-002
   45.495495495495497        7.5729016998254295E-002
   45.540540540540540        7.5830672281960609E-002
   45.585585585585584        7.5931398132550676E-002
   45.630630630630627        7.6031177405595507E-002
   45.675675675675677        7.6129992851627915E-002
   45.720720720720720        7.6227827115919577E-002
   45.765765765765764        7.6324662738222582E-002
   45.810810810810807        7.6420482152552704E-002
   45.855855855855857        7.6515267686939836E-002
   45.900900900900901        7.6609001563196610E-002
   45.945945945945944        7.6701665896683036E-002
   45.990990990990987        7.6793242696061803E-002
   46.036036036036037        7.6883713863076242E-002
   46.081081081081081        7.6973061192292302E-002
   46.126126126126124        7.7061266370884063E-002
   46.171171171171167        7.7148310978382373E-002
   46.216216216216218        7.7234176486442152E-002
   46.261261261261261        7.7318844258606578E-002
   46.306306306306304        7.7402295550070832E-002
   46.351351351351347        7.7484511507440512E-002
   46.396396396396398        7.7565473168505150E-002
   46.441441441441441        7.7645161461985079E-002
   46.486486486486484        7.7723557207311611E-002
   46.531531531531527        7.7800641114382785E-002
   46.576576576576578        7.7876393783321340E-002
   46.621621621621621        7.7950795704252673E-002
   46.666666666666664        7.8023827257046374E-002
   46.711711711711708        7.8095468711102178E-002
   46.756756756756758        7.8165700225097723E-002
   46.801801801801801        7.8234501846759841E-002
   46.846846846846844        7.8301853512621644E-002
   46.891891891891888        7.8367735047791154E-002
   46.936936936936938        7.8432126165711491E-002
   46.981981981981981        7.8495006467924178E-002
   47.027027027027025        7.8556355443837322E-002
   47.072072072072068        7.8616152470478706E-002
   47.117117117117118        7.8674376812264413E-002
   47.162162162162161        7.8731007620771454E-002
   47.207207207207205        7.8786023934483307E-002
   47.252252252252248        7.8839404678566094E-002
   47.297297297297298        7.8891128664624333E-002
   47.342342342342342        7.8941174590470897E-002
   47.387387387387385        7.8989521039885435E-002
   47.432432432432428        7.9036146482377667E-002
   47.477477477477478        7.9081029272955128E-002
   47.522522522522522        7.9124147651881582E-002
   47.567567567567565        7.9165479744439438E-002
   47.612612612612608        7.9205003560697484E-002
   47.657657657657658        7.9242696995273310E-002
   47.702702702702702        7.9278537827093043E-002
   47.747747747747745        7.9312503719157768E-002
   47.792792792792788        7.9344572218305487E-002
   47.837837837837839        7.9374720754973538E-002
   47.882882882882882        7.9402926642966776E-002
   47.927927927927925        7.9429167079210217E-002
   47.972972972972968        7.9453419143523885E-002
   48.018018018018019        7.9475659798381670E-002
   48.063063063063062        7.9495865888669748E-002
   48.108108108108105        7.9514014141459644E-002
   48.153153153153148        7.9530081165758659E-002
   48.198198198198199        7.9544043452288271E-002
   48.243243243243242        7.9555877373233219E-002
   48.288288288288285        7.9565559182011913E-002
   48.333333333333329        7.9573065013041955E-002
   48.378378378378379        7.9578370881494997E-002
   48.423423423423422        7.9581452683069820E-002
   48.468468468468465        7.9582286193747631E-002
   48.513513513513509        7.9580847069558480E-002
   48.558558558558559        7.9577110846350330E-002
   48.603603603603602        7.9571052939535036E-002
   48.648648648648646        7.9562648643869416E-002
   48.693693693693689        7.9551873133215434E-002
   48.738738738738739        7.9538701460292849E-002
   48.783783783783782        7.9523108556455835E-002
   48.828828828828826        7.9505069231442071E-002
   48.873873873873869        7.9484558173152475E-002
   48.918918918918919        7.9461549947399845E-002
   48.963963963963963        7.9436018997677493E-002
   49.009009009009006        7.9407939644929204E-002
   49.054054054054049        7.9377286087301879E-002
   49.099099099099099        7.9344032399909725E-002
   49.144144144144143        7.9308152534605547E-002
   49.189189189189186        7.9269620319739609E-002
   49.234234234234229        7.9228409459921156E-002
   49.279279279279280        7.9184493535783496E-002
   49.324324324324323        7.9137846003741519E-002
   49.369369369369366        7.9088440195767884E-002
   49.414414414414409        7.9036249319144325E-002
   49.459459459459460        7.8981246456229837E-002
   49.504504504504503        7.8923404564223087E-002
   49.549549549549546        7.8862696474928384E-002
   49.594594594594589        7.8799094894508315E-002
   49.639639639639640        7.8732572403262591E-002
   49.684684684684683        7.8663101455380247E-002
   49.729729729729726        7.8590654378705160E-002
   49.774774774774770        7.8515203374505571E-002
   49.819819819819820        7.8436720517222724E-002
   49.864864864864863        7.8355177754251493E-002
   49.909909909909906        7.8270546905692573E-002
   49.954954954954950        7.8182799664116676E-002
   50.000000000000000        7.8091907594334931E-002
   50.045045045045043        7.7997842133147977E-002
   50.090090090090087        7.7900574589127469E-002
   50.135135135135130        7.7800076142364283E-002
   50.180180180180180        7.7696317844237583E-002
   50.225225225225223        7.7589270617180794E-002
   50.270270270270267        7.7478905254438679E-002
   50.315315315315310        7.7365192419835527E-002
   50.360360360360360        7.7248102647535788E-002
   50.405405405405403        7.7127606341806487E-002
   50.450450450450447        7.7003673776784964E-002
   50.495495495495497        7.6876275096239510E-002
   50.540540540540540        7.6745380313327338E-002
   50.585585585585584        7.6610959310368099E-002
   50.630630630630627        7.6472981838598741E-002
   50.675675675675677        7.6331417517940370E-002
   50.720720720720720        7.6186235836757987E-002
   50.765765765765764        7.6037406151634457E-002
   50.810810810810807        7.5884897687120034E-002
   50.855855855855857        7.5728679535498333E-002
   50.900900900900901        7.5568720656554511E-002
   50.945945945945944        7.5404989877346118E-002
   50.990990990990987        7.5237455891942862E-002
   51.036036036036037        7.5066087261210335E-002
   51.081081081081081        7.4890852412568432E-002
   51.126126126126124        7.4711719639746210E-002
   51.171171171171167        7.4528657102557627E-002
   51.216216216216218        7.4341632826661286E-002
   51.261261261261261        7.4150614703309525E-002
   51.306306306306304        7.3955570489136147E-002
   51.351351351351347        7.3756467805895287E-002
   51.396396396396398        7.3553274140246927E-002
   51.441441441441441        7.3345956843503313E-002
   51.486486486486484        7.3134483131397143E-002
   51.531531531531527        7.2918820083852864E-002
   51.576576576576578        7.2698934644732205E-002
   51.621621621621621        7.2474793621617462E-002
   51.666666666666664        7.2246363685560588E-002
   51.711711711711708        7.2013611370850938E-002
   51.756756756756758        7.1776503074781228E-002
   51.801801801801801        7.1535005057405510E-002
   51.846846846846844        7.1289083441309131E-002
   51.891891891891888        7.1038704211365378E-002
   51.936936936936938        7.0783833214497882E-002
   51.981981981981981        7.0524436159455028E-002
   52.027027027027025        7.0260478616557265E-002
   52.072072072072068        6.9991926017475947E-002
   52.117117117117118        6.9718743654983761E-002
   52.162162162162161        6.9440896682720243E-002
   52.207207207207205        6.9158350114967959E-002
   52.252252252252248        6.8871068826397597E-002
   52.297297297297298        6.8579017551846810E-002
   52.342342342342342        6.8282160886065313E-002
   52.387387387387385        6.7980463283499937E-002
   52.432432432432428        6.7673889058037062E-002
   52.477477477477478        6.7362402382782349E-002
   52.522522522522522        6.7045967289810271E-002
   52.567567567567565        6.6724547669947398E-002
   52.612612612612608        6.6398107272505058E-002
   52.657657657657658        6.6066609705076829E-002
   52.702702702702702        6.5730018433268533E-002
   52.747747747747745        6.5388296780487742E-002
   52.792792792792788        6.5041407927695083E-002
   52.837837837837839        6.4689314913173313E-002
   52.882882882882882        6.4331980632276853E-002
   52.927927927927925        6.3969367837214186E-002
   52.972972972972968        6.3601439136796500E-002
   53.018018018018019        6.3228156996203211E-002
   53.063063063063062        6.2849483736761691E-002
   53.108108108108105        6.2465381535681708E-002
   53.153153153153148        6.2075812425840482E-002
   53.198198198198199        6.1680738295536663E-002
   53.243243243243242        6.1280120888260292E-002
   53.288288288288285        6.0873921802447661E-002
   53.333333333333329        6.0462102491253056E-002
   53.378378378378379        6.0044624262302726E-002
   53.423423423423422        5.9621448277465738E-002
   53.468468468468465        5.9192535552609726E-002
   53.513513513513509        5.8757846957380622E-002
   53.558558558558559        5.8317343214947748E-002
   53.603603603603602        5.7870984901763123E-002
   53.648648648648646        5.7418732447352738E-002
   53.693693693693689        5.6960546134049217E-002
   53.738738738738739        5.6496386096774209E-002
   53.783783783783782        5.6026212322791480E-002
   53.828828828828826        5.5549984651479534E-002
   53.873873873873869        5.5067662774082038E-002
   53.918918918918919        5.4579206233480448E-002
   53.963963963963963        5.4084574423961307E-002
   54.009009009009006        5.3583726590963998E-002
   54.054054054054049        5.3076621830857817E-002
   54.099099099099099        5.2563219090700386E-002
   54.144144144144143        5.2043477167998731E-002
   54.189189189189186        5.1517354710481023E-002
   54.234234234234229        5.0984810215846998E-002
   54.279279279279280        5.0445802031539699E-002
   54.324324324324323        4.9900288354506550E-002
   54.369369369369366        4.9348227230964881E-002
   54.414414414414409        4.8789576556155900E-002
   54.459459459459460        4.8224294074128871E-002
   54.504504504504503        4.7652337377478204E-002
   54.549549549549546        4.7073663907121421E-002
   54.594594594594589        4.6488230952062892E-002
   54.639639639639640        4.5895995649155807E-002
   54.684684684684683        4.5296914982857039E-002
   54.729729729729726        4.4690945784998881E-002
   54.774774774774770        4.4078044734559896E-002
   54.819819819819820        4.3458168357404681E-002
   54.864864864864863        4.2831273026070704E-002
   54.909909909909906        4.2197314959513399E-002
   54.954954954954950        4.1556250222892999E-002
   55.000000000000000        4.0908034727305420E-002
