 1.5 3.532
 1.5858585858585859 0.5411804089665876
 1.6717171717171717 -0.25687391834945383
 1.7575757575757576 -0.009533526217565124
 1.8434343434343434 0.6107533596899721
 1.9292929292929293 1.24552523203126
 2.015151515151515 1.7348321542326992
 2.101010101010101 2.0364121379201654
 2.186868686868687 2.1708792889631963
 2.2727272727272725 2.1860871341756085
 2.358585858585858 2.135319056473082
 2.4444444444444438 2.065177109552067
 2.5303030303030294 2.0100307923575014
 2.616161616161615 1.9906839284660678
 2.7020202020202007 2.0155515163332067
 2.7878787878787863 2.083136231135039
 2.873737373737372 2.184979539776706
 2.9595959595959576 2.3085553108765082
 3.045454545454543 2.439791675088451
 3.131313131313129 2.5650644853791382
 3.2171717171717145 2.6726155504975178
 3.3030303030303 2.753421381872303
 3.3888888888888857 2.8015822654640012
 3.4747474747474714 2.814324273883091
 3.560606060606057 2.791714266185872
 3.6464646464646426 2.7361847281551546
 3.7323232323232283 2.651955242554348
 3.818181818181814 2.5444233651056893
 3.9040404040403995 2.4195819281966986
 3.989898989898985 2.283503920463821
 4.075757575757571 2.1419212297756904
 4.161616161616156 1.9999104280113802
 4.247474747474742 1.8616878415913958
 4.333333333333328 1.7305075694652206
 4.419191919191913 1.608649871640309
 4.505050505050499 1.4974833125241185
 4.590909090909085 1.3975819679063994
 4.67676767676767 1.308878598643442
 4.762626262626256 1.23083563584574
 4.8484848484848415 1.1626177838444778
 4.934343434343427 1.1032527127184792
 5.020202020202013 1.051769391150669
 5.106060606060598 1.0073068465412822
 5.191919191919184 0.9691893162284833
 5.27777777777777 0.9369666976192054
 5.363636363636355 0.9104217853051008
 5.449494949494941 0.8895479105622546
 5.535353535353527 0.874502222071712
 5.621212121212112 0.8655409494050268
 5.707070707070698 0.8629435850244096
 5.7929292929292835 0.8669330420861079
 5.878787878787869 0.8775985480131251
 5.964646464646455 0.8948273838426886
 6.05050505050504 0.9182506501496385
 6.136363636363626 0.9472071077055065
 6.222222222222212 0.9807278790490732
 6.308080808080797 1.0175434748289376
 6.393939393939383 1.0561132875196162
 6.479797979797969 1.0946764270112843
 6.565656565656554 1.131321599671066
 6.65151515151514 1.164072686844769
 6.7373737373737255 1.1909857834198934
 6.823232323232311 1.2102527275622896
 6.909090909090897 1.220305599387857
 6.994949494949482 1.2199162968514938
 7.080808080808068 1.2082851195106536
 7.166666666666654 1.1851123161778132
 7.252525252525239 1.1506467977036667
 7.338383838383825 1.1057067059407206
 7.4242424242424105 1.0516672980229635
 7.510101010100996 0.9904126940576751
 7.595959595959582 0.9242494959028876
 7.6818181818181674 0.8557821679411595
 7.767676767676753 0.7877524275837017
 7.853535353535339 0.7228477609718249
 7.939393939393924 0.663487569604985
 8.02525252525251 0.6115993350460057
 8.111111111111097 0.5684014649924889
 8.196969696969683 0.534213965825949
 8.28282828282827 0.5083224589975116
 8.368686868686856 0.48892483933355957
 8.454545454545443 0.4731923658743472
 8.54040404040403 0.45747721240654354
 8.626262626262616 0.4376951809553558
 8.712121212121202 0.4099036804477069
 8.797979797979789 0.3710789790925343
 8.883838383838375 0.3200703402542469
 8.969696969696962 0.2586684271058818
 9.055555555555548 0.19266695756283073
 9.141414141414135 0.13271468174978185
 9.227272727272721 0.09464288532148687
 9.313131313131308 0.0988040386667314
 9.398989898989894 0.16776066879195226
 9.48484848484848 0.32140908134363355
 9.570707070707067 0.5682973279661968
 9.656565656565654 0.891485739802688
 9.74242424242424 1.22678391522772
 9.828282828282827 1.4305599868301115
 9.914141414141413 1.2335329470400864
 10. 0.176
