 1.5   3.532
 1.5858585858585859   3.2680698202142127
 1.6717171717171717   3.0010428143089745
 1.7575757575757576   2.738218059366509
 1.8434343434343434   2.4868946324690353
 1.9292929292929293   2.254371610698776
 2.015151515151515   2.0479480711379523
 2.101010101010101   1.9061609773532664
 2.186868686868687   1.8481147637113986
 2.2727272727272725   1.8227924502353352
 2.3585858585858586   1.826583961657086
 2.4444444444444446   1.8558792227086618
 2.5303030303030303   1.907068158122073
 2.616161616161616   1.9765406926293292
 2.702020202020202   2.066124770836959
 2.787878787878788   2.167360476328728
 2.8737373737373737   2.2743464547269765
 2.9595959595959593   2.3825264638840533
 3.0454545454545454   2.487344261652303
 3.1313131313131315   2.584243605884073
 3.217171717171717   2.662743657394915
 3.3030303030303028   2.701656571898937
 3.388888888888889   2.7238774020184295
 3.474747474747475   2.7289291519348318
 3.5606060606060606   2.716334825829583
 3.646464646464646   2.685617427884124
 3.7323232323232323   2.6362999622798924
 3.8181818181818183   2.549212670092221
 3.904040404040404   2.432461582578229
 3.9898989898989896   2.302652286611903
 4.075757575757576   2.163665815538505
 4.161616161616162   2.019383202703302
 4.247474747474747   1.8736854814515567
 4.333333333333333   1.730554379204822
 4.419191919191919   1.6190101359328684
 4.505050505050505   1.514119281161463
 4.590909090909091   1.4161882451171726
 4.6767676767676765   1.3255234580265594
 4.762626262626263   1.2424313501161874
 4.848484848484849   1.167218351612622
 4.934343434343434   1.1020619598678
 5.02020202020202   1.047932852583719
 5.1060606060606055   1.0016978584286265
 5.191919191919192   0.9630174883737224
 5.277777777777778   0.9315522533902065
 5.363636363636363   0.9069626644492794
 5.44949494949495   0.8889092325221403
 5.5353535353535355   0.8763492472393337
 5.621212121212121   0.8695626657036875
 5.707070707070707   0.86851619194361
 5.792929292929292   0.8729939024015134
 5.878787878787879   0.8827798735198092
 5.9646464646464645   0.8976581817409087
 6.05050505050505   0.9191329864793619
 6.136363636363637   0.9516588298990383
 6.222222222222222   0.9872326739770646
 6.308080808080808   1.0244747903461124
 6.393939393939394   1.0620054506388525
 6.479797979797979   1.0984449264879568
 6.565656565656566   1.1324134895260962
 6.651515151515151   1.1598549459218894
 6.737373737373737   1.1806447622897078
 6.8232323232323235   1.1958145893637095
 6.909090909090909   1.204603516663525
 6.994949494949495   1.2062506337087842
 7.08080808080808   1.1999950300191182
 7.166666666666666   1.1850757951141568
 7.252525252525253   1.1438119623105483
 7.338383838383838   1.0946914795293932
 7.424242424242424   1.039417242936753
 7.51010101010101   0.9796246464747174
 7.595959595959596   0.9169490840853777
 7.681818181818182   0.8530259497108227
 7.767676767676767   0.7934714412632984
 7.853535353535353   0.7412427191754395
 7.9393939393939394   0.6907638685464557
 8.025252525252526   0.6423068987597377
 8.11111111111111   0.5961438191986771
 8.196969696969697   0.5525466392466623
 8.282828282828282   0.5117873682870854
 8.368686868686869   0.476886180003465
 8.454545454545455   0.4456798323493763
 8.54040404040404   0.4172640490577759
 8.626262626262626   0.39143118796754184
 8.712121212121211   0.36797360691755393
 8.797979797979798   0.3466836637466904
 8.883838383838384   0.3272714622467549
 8.969696969696969   0.3092890403507228
 9.055555555555555   0.29291731216496086
 9.141414141414142   0.27800545920345754
 9.227272727272727   0.2644026629802011
 9.313131313131313   0.2519581050091788
 9.3989898989899   0.24052096680437915
 9.484848484848484   0.22931125408595743
 9.570707070707071   0.2182433085369548
 9.656565656565656   0.2080103735325133
 9.742424242424242   0.1986410121246147
 9.828282828282829   0.19016378736524148
 9.914141414141413   0.18260726230637594
 10.   0.176
 10.085858585858585   0.1703705634980961
