 0.                        1.
 0.03                        1.000449595243
 0.06                        1.0017935355251282
 0.09                        1.004017371435537
 0.12                        1.0070973082109598
 0.15                        1.0110006295561864
 0.18                        1.0156862761176166
 0.21                        1.0211055643084856
 0.24                        1.0272030278925746
 0.27                        1.0339173619942672
 0.3                        1.0411824470943056
 0.32999999999999996                        1.0489284291462972
 0.36                        1.0570828312372658
 0.39                        1.065571672218749
 0.42                        1.0743205684302926
 0.44999999999999996                        1.0832557959782583
 0.48                        1.0923052929522916
 0.51                        1.101399583374667
 0.54                        1.110472607485598
 0.57                        1.119462446062881
 0.6                        1.1283119297447883
 0.63                        1.1369691276587508
 0.6599999999999999                        1.1453877129471672
 0.69                        1.1535272059258386
 0.72                        1.1613530985216747
 0.75                        1.168836866240117
 0.78                        1.1759558761506694
 0.8099999999999999                        1.1826932012094964
 0.84                        1.189037352636923
 0.87                        1.1949819430273085
 0.8999999999999999                        1.2005252933973032
 0.9299999999999999                        1.205669997498096
 0.96                        1.2104224564620463
 0.99                        1.2147923962677016
 1.02                        1.21879237964036
 1.05                        1.222437322913121
 1.08                        1.225744027112847
 1.1099999999999999                        1.22873073116323
 1.14                        1.2314166936674293
 1.17                        1.2338218082954502
 1.2                        1.235966256401005
 1.23                        1.2378701991668692
 1.26                        1.2395535103574322
 1.29                        1.2410355496655436
 1.3199999999999998                        1.2423349756938757
 1.3499999999999999                        1.2434695968179112
 1.38                        1.2444562575410367
 1.41                        1.2453107574692162
 1.44                        1.246047799695769
 1.47                        1.2466809651845894
 1.5                        1.247222709658623
 1.53                        1.2476843795236205
 1.56                        1.248076243468158
 1.5899999999999999                        1.2484075365624812
 1.6199999999999999                        1.2486865139141388
 1.65                        1.24892051121183
 1.68                        1.2491160097859808
 1.71                        1.2492787041225413
 1.74                        1.2494135700744238
 1.77                        1.24952493231388
 1.7999999999999998                        1.2496165298518258
 1.8299999999999998                        1.2496915787113585
 1.8599999999999999                        1.2497528310788375
 1.89                        1.2498026304647656
 1.92                        1.2498429625874594
 1.95                        1.2498755018453396
 1.98                        1.2499016533696685
 2.01                        1.2499225907504483
 2.04                        1.249939289606115
 2.07                        1.249952557225123
 2.1                        1.249963058547098
 2.13                        1.2499713387755875
 2.16                        1.2499778429261212
 2.19                        1.2499829326147054
 2.2199999999999998                        1.249986900385249
 2.25                        1.2499899818617086
 2.28                        1.249992365993691
 2.31                        1.249994203644331
 2.34                        1.2499956147476976
 2.37                        1.249996694240762
 2.4                        1.2499975169528785
 2.4299999999999997                        1.2499981416143644
 2.46                        1.2499986141255484
 2.4899999999999998                        1.2499989702088818
 2.52                        1.2499992375495332
 2.55                        1.2499994375144057
 2.58                        1.2499995865257298
 2.61                        1.2499996971532414
 2.6399999999999997                        1.2499997789783752
 2.67                        1.249999839274774
 2.6999999999999997                        1.2499998835416029
 2.73                        1.2499999159195352
 2.76                        1.2499999395137054
 2.79                        1.2499999566432731
 2.82                        1.249999969033389
 2.85                        1.249999977962181
 2.88                        1.249999984372794
 2.9099999999999997                        1.2499999889584024
 2.94                        1.249999992226432
 2.9699999999999998                        1.2499999945468572
 3.                        1.2499999961883643
