 0.                         1.
 0.02                         0.9990070986133334
 0.04                         0.996060188716126
 0.06                         0.9912144658872926
 0.08                         0.9845347979584381
 0.1                         0.9760952467447084
 0.12                         0.9659785151352723
 0.14                         0.954275325463844
 0.16                         0.9410837358349081
 0.18                         0.9265084017435626
 0.2                         0.910659790887125
 0.22                         0.8936533595176196
 0.24                         0.8756086990205574
 0.26                         0.8566486616235682
 0.28                         0.8368984742369345
 0.3                         0.8164848494073602
 0.32                         0.7955351022287707
 0.34                         0.7741762818038078
 0.36                         0.7525343254929279
 0.38                         0.730733243732196
 0.4                         0.708894342654997
 0.42                         0.6871354911271723
 0.44                         0.665570438110806
 0.46                         0.6443081855210593
 0.48                         0.6234524209457113
 0.5                         0.6031010137713143
 0.52                         0.5833455774161497
 0.54                         0.5642710995213113
 0.56                         0.5459556411097511
 0.58                         0.5284701049009032
 0.6                         0.511878072176694
 0.62                         0.4962357068435737
 0.64                         0.48159172463378497
 0.66                         0.4679874247453904
 0.68                         0.4554567806412611
 0.7000000000000001                         0.44402658621763597
 0.72                         0.4337166531169573
 0.74                         0.42454005460007405
 0.76                         0.41650341111083294
 0.78                         0.4096072124614995
 0.8                         0.4038461714390892
 0.8200000000000001                         0.3992096035781233
 0.84                         0.3956818278610995
 0.86                         0.39324258318971345
 0.88                         0.3918674556124294
 0.9                         0.3915283114915694
 0.92                         0.39219373203936053
 0.9400000000000001                         0.39382944494067135
 0.96                         0.39639874910357764
 0.98                         0.3998629289304289
 1.                         0.40418165487478386
 1.02                         0.4093133674366389
 1.04                         0.41521564214324636
 1.06                         0.42184553345931997
 1.08                         0.4291598959628005
 1.1                         0.43711568150535823
 1.12                         0.4456702114457369
 1.1400000000000001                         0.45478142339480354
 1.16                         0.46440809224026003
 1.18                         0.4745100255235389
 1.2                         0.48504823351920656
 1.22                         0.49598507461659824
 1.24                         0.507284376823364
 1.26                         0.5189115364006246
 1.28                         0.530833594799528
 1.3                         0.5430192951996543
 1.32                         0.5554391200518263
 1.34                         0.5680653111027077
 1.36                         0.5808718734276758
 1.3800000000000001                         0.5938345650236404
 1.4000000000000001                         0.6069308735167723
 1.42                         0.6201399815236222
 1.44                         0.6334427221701222
 1.46                         0.6468215262237199
 1.48                         0.6602603622316934
 1.5                         0.6737446709857764
 1.52                         0.687261295551743
 1.54                         0.7007984080146367
 1.56                         0.7143454339978167
 1.58                         0.7278929759187263
 1.6                         0.7414327358479066
 1.62                         0.754957438741747
 1.6400000000000001                         0.7684607567250756
 1.6600000000000001                         0.7819372350080666
 1.68                         0.795382219934021
 1.7                         0.8087917895711335
 1.72                         0.8221626871830039
 1.74                         0.8354922578398504
 1.76                         0.8487783883654421
 1.78                         0.8620194507538851
 1.8                         0.8752142491356374
 1.82                         0.8883619703234656
 1.84                         0.9014621379263641
 1.86                         0.914514569982545
 1.8800000000000001                         0.9275193400312174
 1.9000000000000001                         0.9404767415166904
 1.92                         0.9533872553970225
 1.94                         0.9662515208126198
 1.96                         0.979070308657466
 1.98                         0.9918444978866606
 2.                         1.004575054388232
