 0.                         0.
 0.02                         -0.09891393588906668
 0.04                         -0.19531688439436548
 0.06                         -0.2887145857276031
 0.08                         -0.37863473917238094
 0.1                         -0.4646308694687778
 0.12                         -0.5462859174803932
 0.14                         -0.6232155152257404
 0.16                         -0.6950709097544103
 0.18                         -0.7615415052379725
 0.2                         -0.8223569979425642
 0.22                         -0.87728908436445
 0.24                         -0.926152728646648
 0.26                         -0.9688069813563478
 0.28                         -1.0051553476906843
 0.3                         -1.0351457090949177
 0.32                         -1.058769808027516
 0.34                         -1.0760623111010454
 0.36                         -1.087099470982465
 0.38                         -1.091997412175549
 0.4                         -1.0909100700649572
 0.42                         -1.0840268163194051
 0.44                         -1.0715698068848658
 0.46                         -1.0537910913138553
 0.48                         -1.0309695240515548
 0.5                         -1.0034075195237964
 0.52                         -0.9714276934475432
 0.54                         -0.9353694327246034
 0.56                         -0.8955854356078071
 0.58                         -0.8524382625795556
 0.6                         -0.8062969365981651
 0.62                         -0.7575336290981596
 0.64                         -0.7065204654333954
 0.66                         -0.653626480388526
 0.68                         -0.5992147510203466
 0.7000000000000001                         -0.5436397304938201
 0.72                         -0.48724480281669585
 0.74                         -0.430360074519759
 0.76                         -0.37330041544325976
 0.78                         -0.3163637569374093
 0.8                         -0.2598296520254327
 0.8200000000000001                         -0.2039580984660809
 0.84                         -0.1489886222375948
 0.86                         -0.09513961578948203
 0.88                         -0.04260792250801957
 0.9                         0.008431343754965435
 0.92                         0.05782475751092944
 0.9400000000000001                         0.10544033417173028
 0.96                         0.15116709322692395
 0.98                         0.19491445022450424
 1.                         0.23661145660470323
 1.02                         0.27620590698828673
 1.04                         0.31366333375356814
 1.06                         0.348965908670018
 1.08                         0.3821112710144402
 1.1                         0.41311130100475413
 1.12                         0.4419908565752384
 1.1400000000000001                         0.4687864905159511
 1.16                         0.4935451638390694
 1.18                         0.5163229699473958
 1.2                         0.5371838827961531
 1.22                         0.5561985407883535
 1.24                         0.5734430766549777
 1.26                         0.5889980020705762
 1.28                         0.6029471542671667
 1.3                         0.6153767104564831
 1.32                         0.6263742744721205
 1.34                         0.6360280387155784
 1.36                         0.6444260232474852
 1.3800000000000001                         0.6516553927184666
 1.4000000000000001                         0.6578018507915551
 1.42                         0.6629491107754709
 1.44                         0.6671784403688362
 1.46                         0.6705682777104408
 1.48                         0.6731939153390442
 1.5                         0.675127248185035
 1.52                         0.6764365813411671
 1.54                         0.6771864930848157
 1.56                         0.67743774844295
 1.58                         0.6772472584956553
 1.6                         0.6766680805963318
 1.62                         0.6757494547380427
 1.6400000000000001                         0.6745368714070885
 1.6600000000000001                         0.6730721664279764
 1.68                         0.6713936385099188
 1.7                         0.669536185445521
 1.72                         0.6675314551795248
 1.74                         0.6654080082519909
 1.76                         0.6631914884193244
 1.78                         0.660904798561959
 1.8                         0.6585682792937938
 1.82                         0.6561998879908663
 1.84                         0.6538153762511126
 1.86                         0.6514284640799763
 1.8800000000000001                         0.6490510093652897
 1.9000000000000001                         0.6466931714570829
 1.92                         0.6443635679021503
 1.94                         0.642069423598243
 1.96                         0.6398167118280245
 1.98                         0.6376102868082143
 2.                         0.6354540075448216
