 0. 5.084635798983649
 0.005005005005005005 5.100306007809667
 0.01001001001001001 5.115935635767138
 0.015015015015015015 5.13152468285606
 0.02002002002002002 5.147073149076434
 0.025025025025025023 5.16258103442826
 0.03003003003003003 5.178048338911536
 0.035035035035035036 5.193475062526265
 0.04004004004004004 5.208861205272445
 0.04504504504504504 5.224206767150076
 0.050050050050050046 5.23951174815916
 0.055055055055055056 5.254776148299694
 0.06006006006006006 5.26999996757168
 0.06506506506506507 5.285183205975119
 0.07007007007007007 5.3003258635100075
 0.07507507507507508 5.315427940176348
 0.08008008008008008 5.330489435974141
 0.08508508508508508 5.345510350903385
 0.09009009009009009 5.3604906849640805
 0.09509509509509509 5.375430438156228
 0.10010010010010009 5.390329610479827
 0.10510510510510511 5.4051882019348785
 0.11011011011011011 5.42000621252138
 0.11511511511511512 5.434783642239333
 0.12012012012012012 5.449520491088739
 0.12512512512512514 5.464216759069596
 0.13013013013013014 5.478872446181904
 0.13513513513513514 5.493487552425664
 0.14014014014014015 5.508062077800876
 0.14514514514514515 5.522596022307538
 0.15015015015015015 5.537089385945654
 0.15515515515515516 5.551542168715219
 0.16016016016016016 5.565954370616238
 0.16516516516516516 5.580325991648707
 0.17017017017017017 5.594657031812628
 0.17517517517517517 5.608947491108001
 0.18018018018018017 5.623197369534824
 0.18518518518518517 5.6374066670931
 0.19019019019019018 5.651575383782828
 0.19519519519519518 5.665703519604007
 0.20020020020020018 5.679791074556636
 0.20520520520520522 5.693838048640719
 0.21021021021021022 5.707844441856253
 0.21521521521521522 5.7218102542032385
 0.22022022022022023 5.7357354856816745
 0.22522522522522523 5.749620136291562
 0.23023023023023023 5.763464206032903
 0.23523523523523523 5.777267694905694
 0.24024024024024024 5.791030602909937
 0.24524524524524524 5.804752930045632
 0.2502502502502503 5.818434676312778
 0.2552552552552553 5.832075841711376
 0.2602602602602603 5.845676426241425
 0.2652652652652653 5.859236429902926
 0.2702702702702703 5.872755852695879
 0.2752752752752753 5.886234694620283
 0.2802802802802803 5.899672955676138
 0.2852852852852853 5.913070635863446
 0.2902902902902903 5.926427735182204
 0.2952952952952953 5.939744253632415
 0.3003003003003003 5.953020191214077
 0.3053053053053053 5.96625554792719
 0.3103103103103103 5.979450323771755
 0.3153153153153153 5.992604518747772
 0.3203203203203203 6.0057181328552405
 0.3253253253253253 6.01879116609416
 0.3303303303303303 6.031823618464531
 0.3353353353353353 6.044815489966354
 0.34034034034034033 6.057766780599629
 0.34534534534534533 6.070677490364355
 0.35035035035035034 6.083547619260533
 0.35535535535535534 6.096377167288162
 0.36036036036036034 6.109166134447243
 0.36536536536536535 6.121914520737775
 0.37037037037037035 6.13462232615976
 0.37537537537537535 6.147289550713195
 0.38038038038038036 6.1599161943980825
 0.38538538538538536 6.172502257214421
 0.39039039039039036 6.185047739162211
 0.39539539539539537 6.197552640241453
 0.40040040040040037 6.210016960452147
 0.40540540540540543 6.222440699794292
 0.41041041041041043 6.234823858267889
 0.41541541541541543 6.247166435872937
 0.42042042042042044 6.259468432609436
 0.42542542542542544 6.2717298484773885
 0.43043043043043044 6.283950683476791
 0.43543543543543545 6.296130937607645
 0.44044044044044045 6.308270610869951
 0.44544544544544545 6.320369703263709
 0.45045045045045046 6.332428214788919
 0.45545545545545546 6.34444614544558
 0.46046046046046046 6.356423495233692
 0.46546546546546547 6.368360264153256
 0.47047047047047047 6.3802564522042715
 0.4754754754754755 6.392112059386738
 0.4804804804804805 6.403927085700658
 0.4854854854854855 6.415701531146027
 0.4904904904904905 6.427435395722849
 0.4954954954954955 6.439128679431123
 0.5005005005005005 6.450781382270847
 0.5055055055055055 6.462393504242025
 0.5105105105105106 6.473965045344652
 0.5155155155155156 6.485496005578732
 0.5205205205205206 6.496986384944264
 0.5255255255255256 6.508436183441246
 0.5305305305305306 6.519845401069681
 0.5355355355355356 6.531214037829567
 0.5405405405405406 6.542542093720904
 0.5455455455455456 6.553829568743693
 0.5505505505505506 6.565076462897935
 0.5555555555555556 6.576282776183627
 0.5605605605605606 6.58744850860077
 0.5655655655655656 6.598573660149366
 0.5705705705705706 6.609658230829413
 0.5755755755755756 6.620702220640912
 0.5805805805805806 6.631705629583862
 0.5855855855855856 6.642668457658264
 0.5905905905905906 6.653590704864118
 0.5955955955955956 6.664472371201422
 0.6006006006006006 6.675313456670178
 0.6056056056056056 6.686113961270387
 0.6106106106106106 6.696873885002046
 0.6156156156156156 6.707593227865157
 0.6206206206206206 6.718271989859721
 0.6256256256256256 6.728910170985735
 0.6306306306306306 6.7395077712432006
 0.6356356356356356 6.750064790632118
 0.6406406406406406 6.760581229152487
 0.6456456456456456 6.7710570868043085
 0.6506506506506506 6.781492363587581
 0.6556556556556556 6.791887059502304
 0.6606606606606606 6.80224117454848
 0.6656656656656657 6.812554708726107
 0.6706706706706707 6.822827662035185
 0.6756756756756757 6.833060034475715
 0.6806806806806807 6.843251826047697
 0.6856856856856857 6.85340303675113
 0.6906906906906907 6.863513666586016
 0.6956956956956957 6.873583715552352
 0.7007007007007007 6.883613183650139
 0.7057057057057057 6.893602070879379
 0.7107107107107107 6.90355037724007
 0.7157157157157157 6.913458102732213
 0.7207207207207207 6.923325247355808
 0.7257257257257257 6.933151811110854
 0.7307307307307307 6.942937793997352
 0.7357357357357357 6.9526831960153
 0.7407407407407407 6.962388017164701
 0.7457457457457457 6.9720522574455535
 0.7507507507507507 6.981675916857857
 0.7557557557557557 6.991258995401612
 0.7607607607607607 7.000801493076819
 0.7657657657657657 7.010303409883478
 0.7707707707707707 7.019764745821588
 0.7757757757757757 7.02918550089115
 0.7807807807807807 7.038565675092163
 0.7857857857857857 7.0479052684246275
 0.7907907907907907 7.057204280888544
 0.7957957957957957 7.066462712483912
 0.8008008008008007 7.0756805632107325
 0.8058058058058059 7.084857833069003
 0.8108108108108109 7.093994522058726
 0.8158158158158159 7.1030906301799
 0.8208208208208209 7.112146157432526
 0.8258258258258259 7.121161103816603
 0.8308308308308309 7.130135469332132
 0.8358358358358359 7.1390692539791125
 0.8408408408408409 7.147962457757545
 0.8458458458458459 7.156815080667429
 0.8508508508508509 7.165627122708764
 0.8558558558558559 7.174398583881551
 0.8608608608608609 7.1831294641857895
 0.8658658658658659 7.19181976362148
 0.8708708708708709 7.2004694821886215
 0.8758758758758759 7.209078619887214
 0.8808808808808809 7.21764717671726
 0.8858858858858859 7.226175152678755
 0.8908908908908909 7.234662547771703
 0.8958958958958959 7.243109361996103
 0.9009009009009009 7.251515595351954
 0.9059059059059059 7.259881247839257
 0.9109109109109109 7.268206319458011
 0.9159159159159159 7.276490810208217
 0.9209209209209209 7.284734720089873
 0.9259259259259259 7.292938049102983
 0.9309309309309309 7.3011007972475435
 0.9359359359359359 7.309222964523555
 0.9409409409409409 7.317304550931018
 0.9459459459459459 7.3253455564699355
 0.950950950950951 7.333345981140302
 0.955955955955956 7.34130582494212
 0.960960960960961 7.349225087875389
 0.965965965965966 7.357103769940111
 0.970970970970971 7.364941871136284
 0.975975975975976 7.37273939146391
 0.980980980980981 7.380496330922986
 0.985985985985986 7.388212689513513
 0.990990990990991 7.395888467235492
 0.995995995995996 7.403523664088923
 1.001001001001001 7.411118280073807
 1.006006006006006 7.4186723151901415
 1.011011011011011 7.426185769437926
 1.016016016016016 7.433658642817163
 1.021021021021021 7.4410909353278525
 1.026026026026026 7.448482646969994
 1.031031031031031 7.455833777743586
 1.0360360360360361 7.463144327648629
 1.0410410410410411 7.470414296685124
 1.0460460460460461 7.477643684853071
 1.0510510510510511 7.484832492152471
 1.0560560560560561 7.49198071858332
 1.0610610610610611 7.499088364145621
 1.0660660660660661 7.5061554288393735
 1.0710710710710711 7.513181912664578
 1.0760760760760761 7.520167815621234
 1.0810810810810811 7.527113137709343
 1.0860860860860861 7.5340178789289025
 1.0910910910910911 7.540882039279913
 1.0960960960960962 7.547705618762375
 1.1011011011011012 7.554488617376289
 1.1061061061061062 7.561231035121654
 1.1111111111111112 7.567932871998473
 1.1161161161161162 7.5745941280067415
 1.1211211211211212 7.581214803146462
 1.1261261261261262 7.587794897417633
 1.1311311311311312 7.594334410820257
 1.1361361361361362 7.600833343354333
 1.1411411411411412 7.60729169501986
 1.1461461461461462 7.613709465816838
 1.1511511511511512 7.620086655745268
 1.1561561561561562 7.626423264805148
 1.1611611611611612 7.632719292996481
 1.1661661661661662 7.638974740319267
 1.1711711711711712 7.645189606773504
 1.1761761761761762 7.651363892359191
 1.1811811811811812 7.65749759707633
 1.1861861861861862 7.663590720924921
 1.1911911911911912 7.6696432639049625
 1.1961961961961962 7.675655226016458
 1.2012012012012012 7.681626607259403
 1.2062062062062062 7.6875574076338005
 1.2112112112112112 7.693447627139649
 1.2162162162162162 7.6992972657769485
 1.2212212212212212 7.705106323545702
 1.2262262262262262 7.710874800445906
 1.2312312312312312 7.71660269647756
 1.2362362362362362 7.722290011640666
 1.2412412412412412 7.727936745935224
 1.2462462462462462 7.733542899361234
 1.2512512512512513 7.739108471918697
 1.2562562562562563 7.7446334636076095
 1.2612612612612613 7.750117874427974
 1.2662662662662663 7.755561704379789
 1.2712712712712713 7.760964953463057
 1.2762762762762763 7.766327621677776
 1.2812812812812813 7.771649709023948
 1.2862862862862863 7.776931215501571
 1.2912912912912913 7.782172141110644
 1.2962962962962963 7.7873724858511695
 1.3013013013013013 7.792532249723147
 1.3063063063063063 7.7976514327265765
 1.3113113113113113 7.802730034861456
 1.3163163163163163 7.807768056127788
 1.3213213213213213 7.8127654965255715
 1.3263263263263263 7.817722356054806
 1.3313313313313313 7.822638634715492
 1.3363363363363363 7.827514332507632
 1.3413413413413413 7.832349449431221
 1.3463463463463463 7.837143985486263
 1.3513513513513513 7.841897940672755
 1.3563563563563563 7.8466113149906995
 1.3613613613613613 7.851284108440097
 1.3663663663663663 7.855916321020944
 1.3713713713713713 7.860507952733243
 1.3763763763763763 7.865059003576993
 1.3813813813813813 7.869569473552196
 1.3863863863863863 7.874039362658849
 1.3913913913913913 7.8784686708969565
 1.3963963963963963 7.882857398266513
 1.4014014014014013 7.887205544767522
 1.4064064064064064 7.891513110399981
 1.4114114114114114 7.895780095163893
 1.4164164164164164 7.900006499059256
 1.4214214214214214 7.904192322086073
 1.4264264264264264 7.908337564244339
 1.4314314314314314 7.912442225534057
 1.4364364364364364 7.916506305955226
 1.4414414414414414 7.920529805507846
 1.4464464464464464 7.9245127241919215
 1.4514514514514514 7.928455062007445
 1.4564564564564564 7.932356818954421
 1.4614614614614614 7.936217995032848
 1.4664664664664664 7.940038590242727
 1.4714714714714714 7.943818604584058
 1.4764764764764764 7.947558038056841
 1.4814814814814814 7.9512568906610746
 1.4864864864864864 7.95491516239676
 1.4914914914914914 7.958532853263897
 1.4964964964964964 7.962109963262485
 1.5015015015015014 7.965646492392525
 1.5065065065065064 7.969142440654018
 1.5115115115115114 7.972597808046961
 1.5165165165165164 7.976012594571356
 1.5215215215215214 7.979386800227202
 1.5265265265265264 7.9827204250145
 1.5315315315315314 7.986013468933251
 1.5365365365365364 7.989265931983452
 1.5415415415415414 7.992477814165104
 1.5465465465465464 7.995649115478209
 1.5515515515515514 7.998779835922764
 1.5565565565565564 8.00186997549877
 1.5615615615615615 8.004919534206232
 1.5665665665665665 8.007928512045142
 1.5715715715715715 8.010896909015504
 1.5765765765765765 8.013824725117319
 1.5815815815815815 8.016711960350582
 1.5865865865865865 8.019558614715299
 1.5915915915915915 8.02236468821147
 1.5965965965965965 8.02513018083909
 1.6016016016016015 8.02785509259816
 1.6066066066066067 8.030539423488685
 1.6116116116116117 8.03318317351066
 1.6166166166166167 8.035786342664085
 1.6216216216216217 8.038348930948963
 1.6266266266266267 8.040870938365293
 1.6316316316316317 8.043352364913074
 1.6366366366366367 8.045793210592308
 1.6416416416416417 8.048193475402991
 1.6466466466466467 8.050553159345128
 1.6516516516516517 8.052872262418715
 1.6566566566566567 8.055150784623754
 1.6616616616616617 8.057388725960246
 1.6666666666666667 8.059586086428187
 1.6716716716716717 8.061742866027581
 1.6766766766766767 8.063859064758425
 1.6816816816816818 8.065934682620723
 1.6866866866866868 8.06796971961447
 1.6916916916916918 8.069964175739672
 1.6966966966966968 8.071918050996324
 1.7017017017017018 8.073831345384427
 1.7067067067067068 8.07570405890398
 1.7117117117117118 8.077536191554987
 1.7167167167167168 8.079327743337444
 1.7217217217217218 8.081078714251356
 1.7267267267267268 8.082789104296717
 1.7317317317317318 8.08445891347353
 1.7367367367367368 8.086088141781794
 1.7417417417417418 8.087676789221508
 1.7467467467467468 8.089224855792677
 1.7517517517517518 8.090732341495297
 1.7567567567567568 8.092199246329367
 1.7617617617617618 8.093625570294888
 1.7667667667667668 8.095011313391861
 1.7717717717717718 8.096356475620286
 1.7767767767767768 8.097661056980165
 1.7817817817817818 8.098925057471494
 1.7867867867867868 8.100148477094272
 1.7917917917917918 8.101331315848505
 1.7967967967967968 8.102473573734187
 1.8018018018018018 8.103575250751323
 1.8068068068068068 8.104636346899909
 1.8118118118118118 8.105656862179947
 1.8168168168168168 8.106636796591436
 1.8218218218218218 8.107576150134378
 1.8268268268268268 8.10847492280877
 1.8318318318318318 8.109333114614614
 1.8368368368368369 8.110150725551911
 1.8418418418418419 8.110927755620658
 1.8468468468468469 8.111664204820856
 1.8518518518518519 8.112360073152507
 1.8568568568568569 8.113015360615607
 1.8618618618618619 8.113630067210163
 1.8668668668668669 8.114204192936167
 1.8718718718718719 8.114737737793625
 1.8768768768768769 8.115230701782533
 1.8818818818818819 8.115683084902892
 1.8868868868868869 8.116094887154706
 1.8918918918918919 8.116466108537969
 1.896896896896897 8.116796749052682
 1.901901901901902 8.117086808698849
 1.906906906906907 8.117336287476466
 1.911911911911912 8.117545185385536
 1.916916916916917 8.117713502426058
 1.921921921921922 8.11784123859803
 1.926926926926927 8.117928393901455
 1.931931931931932 8.117974968336329
 1.936936936936937 8.117980961902656
 1.941941941941942 8.117946374600434
 1.946946946946947 8.117871206429667
 1.951951951951952 8.117755457390349
 1.956956956956957 8.117599127482482
 1.961961961961962 8.117402216706067
 1.966966966966967 8.117164725061103
 1.971971971971972 8.116886652547594
 1.976976976976977 8.116567999165532
 1.981981981981982 8.116208764914925
 1.986986986986987 8.115808949795767
 1.991991991991992 8.11536855380806
 1.996996996996997 8.114887576951807
 2.002002002002002 8.114366019227006
 2.007007007007007 8.113803880633654
 2.012012012012012 8.113201161171755
 2.017017017017017 8.11255786084131
 2.022022022022022 8.111873979642313
 2.027027027027027 8.111149517574768
 2.032032032032032 8.110384474638675
 2.037037037037037 8.109578850834033
 2.042042042042042 8.108732646160844
 2.047047047047047 8.107845860619108
 2.052052052052052 8.10691849420882
 2.057057057057057 8.105950546929986
 2.062062062062062 8.104942018782602
 2.067067067067067 8.10389290976667
 2.0720720720720722 8.102803219882189
 2.0770770770770772 8.101672949129162
 2.0820820820820822 8.100502097507585
 2.0870870870870872 8.09929066501746
 2.0920920920920922 8.098038651658785
 2.0970970970970972 8.096746057431563
 2.1021021021021022 8.095412882335793
 2.1071071071071072 8.094039126371474
 2.1121121121121122 8.092624789538606
 2.1171171171171173 8.09116987183719
 2.1221221221221223 8.089674373267226
 2.1271271271271273 8.088138293828711
 2.1321321321321323 8.086561633521653
 2.1371371371371373 8.084944392346042
 2.1421421421421423 8.083286570301883
 2.1471471471471473 8.081588167389178
 2.1521521521521523 8.079849183607921
 2.1571571571571573 8.078069618958118
 2.1621621621621623 8.076249473439768
 2.1671671671671673 8.074388747052868
 2.1721721721721723 8.072487439797419
 2.1771771771771773 8.07054555167342
 2.1821821821821823 8.068563082680875
 2.1871871871871873 8.066540032819782
 2.1921921921921923 8.06447640209014
 2.1971971971971973 8.06237219049195
 2.2022022022022023 8.06022739802521
 2.2072072072072073 8.058042024689922
 2.2122122122122123 8.055816070486086
 2.2172172172172173 8.053549535413703
 2.2222222222222223 8.05124241947277
 2.2272272272272273 8.048894722663288
 2.2322322322322323 8.046506444985258
 2.2372372372372373 8.04407758643868
 2.2422422422422423 8.041608147023553
 2.2472472472472473 8.03909812673988
 2.2522522522522523 8.036547525587656
 2.2572572572572573 8.033956343566883
 2.2622622622622623 8.031324580677563
 2.2672672672672673 8.028652236919694
 2.2722722722722724 8.025939312293279
 2.2772772772772774 8.023185806798313
 2.2822822822822824 8.020391720434798
 2.2872872872872874 8.017557053202735
 2.2922922922922924 8.014681805102125
 2.2972972972972974 8.011765976132965
 2.3023023023023024 8.008809566295259
 2.3073073073073074 8.005812575589003
 2.3123123123123124 8.002775004014197
 2.3173173173173174 7.999696851570844
 2.3223223223223224 7.996578118258943
 2.3273273273273274 7.993418804078495
 2.3323323323323324 7.990218909029496
 2.3373373373373374 7.986978433111949
 2.3423423423423424 7.983697376325853
 2.3473473473473474 7.98037573867121
 2.3523523523523524 7.9770135201480175
 2.3573573573573574 7.9736107207562785
 2.3623623623623624 7.97016734049599
 2.3673673673673674 7.9666833793671525
 2.3723723723723724 7.963158837369766
 2.3773773773773774 7.959593714503832
 2.3823823823823824 7.9559880107693495
 2.3873873873873874 7.9523417261663205
 2.3923923923923924 7.948654860694741
 2.3973973973973974 7.944927414354613
 2.4024024024024024 7.9411593871459365
 2.4074074074074074 7.937350779068711
 2.4124124124124124 7.9335015901229395
 2.4174174174174174 7.929611820308618
 2.4224224224224224 7.925681469625748
 2.4274274274274275 7.921710538074329
 2.4324324324324325 7.917699025654362
 2.4374374374374375 7.913646932365847
 2.4424424424424425 7.909554258208785
 2.4474474474474475 7.905421003183172
 2.4524524524524525 7.9012471672890126
 2.4574574574574575 7.897032750526303
 2.4624624624624625 7.892777752895046
 2.4674674674674675 7.888482174395239
 2.4724724724724725 7.884146015026887
 2.4774774774774775 7.879769274789984
 2.4824824824824825 7.875351953684533
 2.4874874874874875 7.8708940517105335
 2.4924924924924925 7.866395568867985
 2.4974974974974975 7.861856505156891
 2.5025025025025025 7.857276860577246
 2.5075075075075075 7.852656635129052
 2.5125125125125125 7.84799582881231
 2.5175175175175175 7.8432944416270205
 2.5225225225225225 7.8385524735731815
 2.5275275275275275 7.833769924650797
 2.5325325325325325 7.828946794859861
 2.5375375375375375 7.824083084200377
 2.5425425425425425 7.819178792672345
 2.5475475475475475 7.814233920275765
 2.5525525525525525 7.809248467010635
 2.5575575575575575 7.804222432876959
 2.5625625625625625 7.799155817874733
 2.5675675675675675 7.794048622003959
 2.5725725725725725 7.788900845264636
 2.5775775775775776 7.783712487656765
 2.5825825825825826 7.778483549180347
 2.5875875875875876 7.773214029835379
 2.5925925925925926 7.767903929621863
 2.5975975975975976 7.762553248539797
 2.6026026026026026 7.757161986589184
 2.6076076076076076 7.751730143770022
 2.6126126126126126 7.746257720082314
 2.6176176176176176 7.740744715526055
 2.6226226226226226 7.735191130101248
 2.6276276276276276 7.729596963807892
 2.6326326326326326 7.7239622166459885
 2.6376376376376376 7.718286888615538
 2.6426426426426426 7.712570979716538
 2.6476476476476476 7.706814489948988
 2.6526526526526526 7.70101741931289
 2.6576576576576576 7.695179767808244
 2.6626626626626626 7.68930153543505
 2.6676676676676676 7.683382722193309
 2.6726726726726726 7.677423328083018
 2.6776776776776776 7.671423353104178
 2.6826826826826826 7.66538279725679
 2.6876876876876876 7.659301660540853
 2.6926926926926926 7.653179942956368
 2.6976976976976976 7.647017644503336
 2.7027027027027026 7.640814765181754
 2.7077077077077076 7.634571304991624
 2.7127127127127126 7.628287263932945
 2.7177177177177176 7.621962642005719
 2.7227227227227226 7.615597439209944
 2.7277277277277276 7.6091916555456205
 2.7327327327327327 7.602745291012748
 2.7377377377377377 7.596258345611327
 2.7427427427427427 7.589730819341358
 2.7477477477477477 7.58316271220284
 2.7527527527527527 7.576554024195776
 2.7577577577577577 7.569904755320161
 2.7627627627627627 7.5632149055759985
 2.7677677677677677 7.556484474963288
 2.7727727727727727 7.5497134634820275
 2.7777777777777777 7.542901871132219
 2.7827827827827827 7.536049697913865
 2.7877877877877877 7.529156943826959
 2.7927927927927927 7.5222236088715055
 2.7977977977977977 7.515249693047504
 2.8028028028028027 7.508235196354954
 2.8078078078078077 7.501180118793856
 2.8128128128128127 7.494084460364209
 2.8178178178178177 7.486948221066013
 2.8228228228228227 7.47977140089927
 2.8278278278278277 7.472553999863977
 2.8328328328328327 7.465296017960136
 2.8378378378378377 7.457997455187749
 2.8428428428428427 7.450658311546811
 2.8478478478478477 7.443278587037325
 2.8528528528528527 7.43585828165929
 2.8578578578578577 7.428397395412707
 2.8628628628628627 7.4208959282975755
 2.8678678678678677 7.413353880313898
 2.8728728728728727 7.40577125146167
 2.8778778778778777 7.3981480417408925
 2.8828828828828827 7.390484251151568
 2.8878878878878878 7.382779879693694
 2.8928928928928928 7.375034927367274
 2.8978978978978978 7.367249394172304
 2.9029029029029028 7.359423280108785
 2.9079079079079078 7.351556585176717
 2.9129129129129128 7.343649309376102
 2.9179179179179178 7.335701452706938
 2.9229229229229228 7.327713015169227
 2.9279279279279278 7.319683996762966
 2.932932932932933 7.311614397488157
 2.937937937937938 7.303504217344799
 2.942942942942943 7.295353456332893
 2.947947947947948 7.287162114452438
 2.952952952952953 7.278930191703437
 2.957957957957958 7.270657688085885
 2.962962962962963 7.262344603599786
 2.967967967967968 7.2539909382451375
 2.972972972972973 7.24559669202194
 2.977977977977978 7.237161864930197
 2.982982982982983 7.228686456969903
 2.987987987987988 7.2201704681410614
 2.992992992992993 7.211613898443671
 2.997997997997998 7.203016747877732
 3.003003003003003 7.194379016443245
 3.008008008008008 7.185700704140211
 3.013013013013013 7.176981810968627
 3.018018018018018 7.168222336928494
 3.023023023023023 7.159422282019813
 3.028028028028028 7.150581646242584
 3.033033033033033 7.141700429596807
 3.038038038038038 7.1327786320824815
 3.043043043043043 7.123816253699607
 3.048048048048048 7.114813294448184
 3.053053053053053 7.105769754328212
 3.058058058058058 7.096685633339692
 3.063063063063063 7.087560931482625
 3.068068068068068 7.0783956487570086
 3.073073073073073 7.069189785162844
 3.078078078078078 7.05994334070013
 3.083083083083083 7.050656315368868
 3.088088088088088 7.041328709169057
 3.093093093093093 7.0319605221007
 3.098098098098098 7.022551754163793
 3.103103103103103 7.013102405358337
 3.108108108108108 7.003612475684332
 3.113113113113113 6.99408196514178
 3.118118118118118 6.984510873730681
 3.123123123123123 6.974899201451032
 3.128128128128128 6.965246948302833
 3.133133133133133 6.955554114286087
 3.138138138138138 6.945820699400793
 3.143143143143143 6.936046703646949
 3.148148148148148 6.9262321270245595
 3.153153153153153 6.916376969533619
 3.158158158158158 6.906481231174131
 3.163163163163163 6.896544911946094
 3.168168168168168 6.8865680118495085
 3.173173173173173 6.876550530884375
 3.178178178178178 6.866492469050694
 3.183183183183183 6.856393826348464
 3.188188188188188 6.846254602777685
 3.193193193193193 6.836074798338358
 3.198198198198198 6.8258544130304815
 3.203203203203203 6.815593446854059
 3.2082082082082084 6.8052918998090846
 3.2132132132132134 6.794949771895565
 3.2182182182182184 6.784567063113496
 3.2232232232232234 6.774143773462877
 3.2282282282282284 6.763679902943712
 3.2332332332332334 6.753175451555997
 3.2382382382382384 6.742630419299735
 3.2432432432432434 6.732044806174923
 3.2482482482482484 6.721418612181563
 3.2532532532532534 6.710751837319655
 3.2582582582582584 6.700044481589198
 3.2632632632632634 6.689296544990192
 3.2682682682682684 6.67850802752264
 3.2732732732732734 6.667678929186538
 3.2782782782782784 6.656809249981888
 3.2832832832832834 6.645898989908688
 3.2882882882882885 6.6349481489669415
 3.2932932932932935 6.623956727156647
 3.2982982982982985 6.612924724477803
 3.3033033033033035 6.60185214093041
 3.3083083083083085 6.590738976514468
 3.3133133133133135 6.579585231229979
 3.3183183183183185 6.568390905076941
 3.3233233233233235 6.557155998055356
 3.3283283283283285 6.5458805101652215
 3.3333333333333335 6.5345644414065385
 3.3383383383383385 6.523207791779306
 3.3433433433433435 6.511810561283527
 3.3483483483483485 6.500372749919198
 3.3533533533533535 6.4888943576863225
 3.3583583583583585 6.477375384584898
 3.3633633633633635 6.465815830614924
 3.3683683683683685 6.454215695776401
 3.3733733733733735 6.442574980069331
 3.3783783783783785 6.430893683493713
 3.3833833833833835 6.419171806049546
 3.3883883883883885 6.40740934773683
 3.3933933933933935 6.395606308555566
 3.3983983983983985 6.383762688505753
 3.4034034034034035 6.3718784875873915
 3.4084084084084085 6.359953705800484
 3.4134134134134135 6.347988343145025
 3.4184184184184185 6.335982399621019
 3.4234234234234235 6.3239358752284645
 3.4284284284284285 6.31184876996736
 3.4334334334334335 6.299721083837709
 3.4384384384384385 6.2875528168395105
 3.4434434434434436 6.275343968972762
 3.4484484484484486 6.263094540237465
 3.4534534534534536 6.250804530633619
 3.4584584584584586 6.238473940161225
 3.4634634634634636 6.226102768820285
 3.4684684684684686 6.213691016610794
 3.4734734734734736 6.201238683532755
 3.4784784784784786 6.188745769586168
 3.4834834834834836 6.176212274771031
 3.4884884884884886 6.163638199087349
 3.4934934934934936 6.151023542535114
 3.4984984984984986 6.1383683051143345
 3.5035035035035036 6.125672486825003
 3.5085085085085086 6.112936087667127
 3.5135135135135136 6.100159107640702
 3.5185185185185186 6.0873415467457255
 3.5235235235235236 6.074483404982204
 3.5285285285285286 6.06158468235013
 3.5335335335335336 6.048645378849512
 3.5385385385385386 6.035665494480345
 3.5435435435435436 6.022645029242626
 3.5485485485485486 6.009583983136363
 3.5535535535535536 5.996482356161547
 3.5585585585585586 5.983340148318186
 3.5635635635635636 5.970157359606278
 3.5685685685685686 5.956933990025816
 3.5735735735735736 5.94367003957681
 3.5785785785785786 5.930365508259253
 3.5835835835835836 5.917020396073149
 3.5885885885885886 5.903634703018495
 3.5935935935935936 5.890208429095296
 3.5985985985985987 5.876741574303548
 3.6036036036036037 5.863234138643247
 3.6086086086086087 5.849686122114403
 3.6136136136136137 5.836097524717006
 3.6186186186186187 5.822468346451064
 3.6236236236236237 5.808798587316574
 3.6286286286286287 5.795088247313532
 3.6336336336336337 5.781337326441945
 3.6386386386386387 5.7675458247018065
 3.6436436436436437 5.753713742093122
 3.6486486486486487 5.73984107861589
 3.6536536536536537 5.725927834270106
 3.6586586586586587 5.711974009055777
 3.6636636636636637 5.697979602972896
 3.6686686686686687 5.68394461602147
 3.6736736736736737 5.669869048201492
 3.6786786786786787 5.65575289951297
 3.6836836836836837 5.641596169955898
 3.6886886886886887 5.627398859530275
 3.6936936936936937 5.613160968236107
 3.6986986986986987 5.598882496073387
 3.7037037037037037 5.584563443042122
 3.7087087087087087 5.570203809142309
 3.7137137137137137 5.555803594373944
 3.7187187187187187 5.541362798737033
 3.7237237237237237 5.526881422231571
 3.7287287287287287 5.512359464857564
 3.7337337337337337 5.497796926615009
 3.7387387387387387 5.483193807503902
 3.7437437437437437 5.4685501075242495
 3.7487487487487487 5.453865826676045
 3.7537537537537538 5.439140964959296
 3.7587587587587588 5.424375522373995
 3.7637637637637638 5.409569498920149
 3.7687687687687688 5.394722894597755
 3.7737737737737738 5.379835709406808
 3.7787787787787788 5.364907943347317
 3.7837837837837838 5.349939596419274
 3.7887887887887888 5.334930668622685
 3.793793793793794 5.319881159957549
 3.798798798798799 5.30479107042386
 3.803803803803804 5.289660400021627
 3.808808808808809 5.274489148750842
 3.813813813813814 5.259277316611511
 3.818818818818819 5.244024903603633
 3.823823823823824 5.228731909727203
 3.828828828828829 5.213398334982227
 3.833833833833834 5.1980241793687
 3.838838838838839 5.182609442886627
 3.843843843843844 5.1671541255360065
 3.848848848848849 5.151658227316834
 3.853853853853854 5.136121748229116
 3.858858858858859 5.1205446882728465
 3.863863863863864 5.104927047448032
 3.868868868868869 5.089268825754665
 3.873873873873874 5.0735700231927545
 3.878878878878879 5.057830639762295
 3.883883883883884 5.042050675463283
 3.888888888888889 5.026230130295726
 3.893893893893894 5.010369004259618
 3.898898898898899 4.994467297354965
 3.903903903903904 4.978525009581762
 3.908908908908909 4.962542140940009
 3.913913913913914 4.94651869142971
 3.918918918918919 4.9304546610508595
 3.923923923923924 4.914350049803464
 3.928928928928929 4.89820485768752
 3.933933933933934 4.882019084703024
 3.938938938938939 4.865792730849983
 3.943943943943944 4.849525796128391
 3.948948948948949 4.833218280538253
 3.953953953953954 4.816870184079563
 3.958958958958959 4.8004815067523285
 3.963963963963964 4.784052248556546
 3.968968968968969 4.767582409492211
 3.973973973973974 4.751071989559331
 3.978978978978979 4.734520988757899
 3.983983983983984 4.717929407087922
 3.988988988988989 4.701297244549398
 3.993993993993994 4.684624501142321
 3.998998998998999 4.667911176866698
 4.004004004004004 4.651157271722526
 4.009009009009009 4.634362785709803
 4.014014014014014 4.617527718828536
 4.019019019019019 4.600652071078721
 4.024024024024024 4.583735842460353
 4.029029029029029 4.56677903297344
 4.034034034034034 4.549781642617976
 4.039039039039039 4.532743671393967
 4.044044044044044 4.5156651193014055
 4.049049049049049 4.498545986340299
 4.054054054054054 4.481386272510645
 4.059059059059059 4.464185977812439
 4.064064064064064 4.446945102245687
 4.069069069069069 4.4296636458103835
 4.074074074074074 4.4123416085065355
 4.079079079079079 4.394978990334138
 4.084084084084084 4.37757579129319
 4.089089089089089 4.360132011383697
 4.094094094094094 4.342647650605651
 4.099099099099099 4.325122708959061
 4.104104104104104 4.307557186443922
 4.109109109109109 4.289951083060231
 4.114114114114114 4.272304398807996
 4.119119119119119 4.254617133687208
 4.124124124124124 4.236889287697875
 4.129129129129129 4.219120860839991
 4.134134134134134 4.201311853113562
 4.1391391391391394 4.1834622645185835
 4.1441441441441444 4.165572095055054
 4.1491491491491495 4.147641344722979
 4.1541541541541545 4.129670013522353
 4.1591591591591595 4.111658101453181
 4.1641641641641645 4.093605608515461
 4.1691691691691695 4.07551253470919
 4.1741741741741745 4.057378880034372
 4.1791791791791795 4.039204644491004
 4.1841841841841845 4.020989828079091
 4.1891891891891895 4.002734430798628
 4.1941941941941945 3.9844384526496146
 4.1991991991991995 3.9661018936320556
 4.2042042042042045 3.947724753745945
 4.2092092092092095 3.929307032991289
 4.2142142142142145 3.9108487313680813
 4.2192192192192195 3.892349848876329
 4.2242242242242245 3.8738103855160277
 4.2292292292292295 3.855230341287175
 4.2342342342342345 3.836609716189777
 4.2392392392392395 3.8179485102238275
 4.2442442442442445 3.7992467233893326
 4.2492492492492495 3.7805043556862894
 4.2542542542542545 3.7617214071146945
 4.2592592592592595 3.7428978776745545
 4.2642642642642645 3.724033767365863
 4.2692692692692695 3.705129076188626
 4.2742742742742745 3.6861838041428405
 4.2792792792792795 3.6671979512285033
 4.2842842842842845 3.6481715174456215
 4.2892892892892895 3.6291045027941875
 4.2942942942942945 3.6099969072742084
 4.2992992992992995 3.5908487308856776
 4.3043043043043046 3.5716599736286017
 4.3093093093093096 3.5524306355029776
 4.314314314314315 3.5331607165088017
 4.31931931931932 3.5138502166460803
 4.324324324324325 3.4944991359148077
 4.32932932932933 3.4751074743149895
 4.334334334334335 3.455675231846623
 4.33933933933934 3.436202408509705
 4.344344344344345 3.4166890043042417
 4.34934934934935 3.3971350192302268
 4.354354354354355 3.3775404532876667
 4.35935935935936 3.3579053064765585
 4.364364364364365 3.338229578796898
 4.36936936936937 3.3185132702486926
 4.374374374374375 3.2987563808319353
 4.37937937937938 3.2789589105466335
 4.384384384384385 3.2591208593927794
 4.38938938938939 3.2392422273703803
 4.394394394394395 3.219323014479433
 4.3993993993994 3.1993632207199334
 4.404404404404405 3.1793628460918892
 4.40940940940941 3.159321890595293
 4.414414414414415 3.139240354230152
 4.41941941941942 3.1191182369964623
 4.424424424424425 3.098955538894221
 4.42942942942943 3.0787522599234345
 4.434434434434435 3.0585084000840963
 4.43943943943944 3.038223959376213
 4.444444444444445 3.0178989377997816
 4.44944944944945 2.997533335354798
 4.454454454454455 2.977127152041269
 4.45945945945946 2.9566803878591887
 4.464464464464465 2.9361930428085636
 4.46946946946947 2.9156651168893863
 4.474474474474475 2.895096610101664
 4.47947947947948 2.8744875224453934
 4.484484484484485 2.853837853920571
 4.48948948948949 2.8331476045272037
 4.494494494494495 2.812416774265284
 4.4994994994995 2.79164536313482
 4.504504504504505 2.770833371135807
 4.50950950950951 2.7499807982682425
 4.514514514514515 2.729087644532133
 4.51951951951952 2.7081539099274714
 4.524524524524525 2.687179594454265
 4.52952952952953 2.6661646981125102
 4.534534534534535 2.6451092209022034
 4.53953953953954 2.6240131628233514
 4.544544544544545 2.602876523875948
 4.54954954954955 2.5816993040599994
 4.554554554554555 2.560481503375499
 4.55955955955956 2.5392231218224537
 4.564564564564565 2.51792415940086
 4.56956956956957 2.496584616110714
 4.574574574574575 2.4752044919520233
 4.57957957957958 2.4537837869247805
 4.584584584584585 2.432322501028993
 4.58958958958959 2.4108206342646574
 4.594594594594595 2.389278186631769
 4.5995995995996 2.3676951581303367
 4.604604604604605 2.346071548760352
 4.60960960960961 2.3244073585218223
 4.614614614614615 2.3027025874147444
 4.61961961961962 2.2809572354391143
 4.624624624624625 2.259171302594939
 4.62962962962963 2.237344788882212
 4.634634634634635 2.2154776943009407
 4.63963963963964 2.193570018851117
 4.644644644644645 2.1716217625327485
 4.64964964964965 2.1496329253458315
 4.654654654654655 2.1276035072903623
 4.65965965965966 2.1055335083663484
 4.664664664664665 2.083422928573783
 4.66966966966967 2.061271767912672
 4.674674674674675 2.039080026383013
 4.67967967967968 2.016847703984802
 4.684684684684685 1.9945748007180457
 4.68968968968969 1.9722613165827378
 4.694694694694695 1.9499072515788851
 4.6996996996997 1.9275126057064838
 4.704704704704705 1.9050773789655306
 4.70970970970971 1.8826015713560325
 4.714714714714715 1.8600851828779823
 4.71971971971972 1.8375282135313875
 4.724724724724725 1.8149306633162405
 4.72972972972973 1.7922925322325487
 4.734734734734735 1.7696138202803084
 4.73973973973974 1.7468945274595165
 4.744744744744745 1.7241346537701794
 4.74974974974975 1.7013341992122903
 4.754754754754755 1.6784931637858562
 4.75975975975976 1.655611547490874
 4.764764764764765 1.6326893503273396
 4.76976976976977 1.6097265722952605
 4.774774774774775 1.5867232133946294
 4.77977977977978 1.5636792736254532
 4.784784784784785 1.5405947529877289
 4.78978978978979 1.5174696514814525
 4.794794794794795 1.494303969106631
 4.7997997997998 1.471097705863258
 4.804804804804805 1.4478508617513397
 4.80980980980981 1.424563436770873
 4.814814814814815 1.4012354309218547
 4.81981981981982 1.3778668442042912
 4.824824824824825 1.3544576766181757
 4.82982982982983 1.3310079281635154
 4.834834834834835 1.3075175988403032
 4.83983983983984 1.283986688648546
 4.844844844844845 1.2604151975882405
 4.84984984984985 1.236803125659383
 4.854854854854855 1.2131504728619806
 4.85985985985986 1.1894572391960263
 4.864864864864865 1.1657234246615271
 4.86986986986987 1.1419490292584793
 4.874874874874875 1.1181340529868797
 4.87987987987988 1.0942784958467353
 4.884884884884885 1.0703823578380387
 4.88988988988989 1.0464456389607975
 4.894894894894895 1.0224683392150076
 4.8998998998999 0.9984504586006658
 4.904904904904905 0.9743919971177792
 4.90990990990991 0.9502929547663407
 4.914914914914915 0.9261533315463572
 4.91991991991992 0.9019731274578217
 4.924924924924925 0.8777523425007414
 4.92992992992993 0.8534909766751126
 4.934934934934935 0.8291890299809319
 4.93993993993994 0.8048465024182063
 4.944944944944945 0.7804633939869288
 4.94994994994995 0.7560397046871062
 4.954954954954955 0.7315754345187354
 4.95995995995996 0.7070705834818126
 4.964964964964965 0.6825251515763449
 4.96996996996997 0.6579391388023251
 4.974974974974975 0.6333125451597607
 4.97997997997998 0.6086453706486477
 4.984984984984985 0.5839376152689827
 4.98998998998999 0.5591892790207729
 4.994994994994995 0.534400361904011
 5. 0.5095708639187043
