 -0.80000000000000004       0.13400000000000001
 -0.79849849849849852       -2.4599487452548545
 -0.79699699699699700       -4.8097691107148695
 -0.79549549549549547       -6.9300620396661383
 -0.79399399399399395       -8.8347637610406888
 -0.79249249249249243       -10.537170190216971
 -0.79099099099099091       -12.049960590065814
 -0.78948948948948938       -13.385220510937026
 -0.78798798798798786       -14.554464027887999
 -0.78648648648648634       -15.568655293068467
 -0.78498498498498481       -16.438229420794819
 -0.78348348348348329       -17.173112722474084
 -0.78198198198198177       -17.782742308170327
 -0.78048048048048024       -18.276085071245287
 -0.77897897897897872       -18.661656072151796
 -0.77747747747747720       -18.947536337108975
 -0.77597597597597567       -19.141390087048507
 -0.77447447447447415       -19.250481411884021
 -0.77297297297297263       -19.281690404826733
 -0.77147147147147110       -19.241528771147408
 -0.76996996996996958       -19.136154925466069
 -0.76846846846846806       -18.971388591339235
 -0.76696696696696653       -18.752724916609221
 -0.76546546546546501       -18.485348117677063
 -0.76396396396396349       -18.174144665568516
 -0.76246246246246197       -17.823716026370313
 -0.76096096096096044       -17.438390968330829
 -0.75945945945945892       -17.022237447640496
 -0.75795795795795740       -16.579074084631984
 -0.75645645645645587       -16.112481241873510
 -0.75495495495495435       -15.625811715363206
 -0.75345345345345283       -15.122201049774727
 -0.75195195195195130       -14.604577488450074
 -0.75045045045044978       -14.075671568586930
 -0.74894894894894826       -13.538025371822796
 -0.74744744744744673       -12.994001440179806
 -0.74594594594594521       -12.445791367098121
 -0.74444444444444369       -11.895424073055276
 -0.74294294294294216       -11.344773775043988
 -0.74144144144144064       -10.795567658957811
 -0.73993993993993912       -10.249393263717613
 -0.73843843843843759       -9.7077055857586831
 -0.73693693693693607       -9.1718339122891415
 -0.73543543543543455       -8.6429883915254599
 -0.73393393393393302       -8.1222663479108270
 -0.73243243243243150       -7.6106583501243632
 -0.73093093093092998       -7.1090540394974155
 -0.72942942942942846       -6.6182477262630321
 -0.72792792792792693       -6.1389437608809416
 -0.72642642642642541       -5.6717616874975301
 -0.72492492492492389       -5.2172411864235038
 -0.72342342342342236       -4.7758468123374600
 -0.72192192192192084       -4.3479725347529108
 -0.72042042042041932       -3.9339460871193417
 -0.71891891891891779       -3.5340331307642763
 -0.71741741741741627       -3.1484412397228199
 -0.71591591591591475       -2.7773237123444674
 -0.71441441441441322       -2.4207832154132167
 -0.71291291291291170       -2.0788752663664205
 -0.71141141141141018       -1.7516115590507497
 -0.70990990990990865       -1.4389631383092873
 -0.70840840840840713       -1.1408634285527339
 -0.70690690690690561      -0.85721112132958877
 -0.70540540540540408      -0.58787292677494662
 -0.70390390390390256      -0.33268619368534935
 -0.70240240240240104       -9.1461402837740208E-002
 -0.70090090090089952       0.13601546195611591
 -0.69939939939939799       0.34998066069209671
 -0.69789789789789647       0.55069055766665898
 -0.69639639639639495       0.73841959149224690
 -0.69489489489489342       0.91345835062303138
 -0.69339339339339190        1.0761117504921200
 -0.69189189189189038        1.2266973084721562
 -0.69039039039038885        1.3655435129794400
 -0.68888888888888733        1.4929882831476191
 -0.68738738738738581        1.6093775156003678
 -0.68588588588588428        1.7150637149536228
 -0.68438438438438276        1.8104047047766869
 -0.68288288288288124        1.8957624158380590
 -0.68138138138137971        1.9715017485561037
 -0.67987987987987819        2.0379895066668432
 -0.67837837837837667        2.0955933992110056
 -0.67687687687687514        2.1446811080304657
 -0.67537537537537362        2.1856194180498378
 -0.67387387387387210        2.2187734077028529
 -0.67237237237237057        2.2445056969448820
 -0.67087087087086905        2.2631757503727159
 -0.66936936936936753        2.2751392330507101
 -0.66786786786786601        2.2807474167183162
 -0.66636636636636448        2.2803466341282261
 -0.66486486486486296        2.2742777793366806
 -0.66336336336336144        2.2628758518380550
 -0.66186186186185991        2.2464695425047352
 -0.66036036036035839        2.2253808593602562
 -0.65885885885885687        2.1999247912793272
 -0.65735735735735534        2.1704090077718954
 -0.65585585585585382        2.1371335930708608
 -0.65435435435435230        2.1003908128034374
 -0.65285285285285077        2.0604649115852576
 -0.65135135135134925        2.0176319399339642
 -0.64984984984984773        1.9721596089548550
 -0.64834834834834620        1.9243071713059090
 -0.64684684684684468        1.8743253270025917
 -0.64534534534534316        1.8224561526745509
 -0.64384384384384163        1.7689330529367553
 -0.64234234234234011        1.7139807325865930
 -0.64084084084083859        1.6578151883861767
 -0.63933933933933706        1.6006437192355314
 -0.63783783783783554        1.5426649535873935
 -0.63633633633633402        1.4840688929984620
 -0.63483483483483250        1.4250369707543469
 -0.63333333333333097        1.3657421245472661
 -0.63183183183182945        1.3063488822256648
 -0.63033033033032793        1.2470134596742293
 -0.62882882882882640        1.1878838699208849
 -0.62732732732732488        1.1291000426042830
 -0.62582582582582336        1.0707939529712995
 -0.62432432432432183        1.0130897596088970
 -0.62282282282282031       0.95610395014861393
 -0.62132132132131879       0.89994549421478531
 -0.61981981981981726       0.84471600291948223
 -0.61831831831831574       0.79050989423815010
 -0.61681681681681422       0.73741456362985058
 -0.61531531531531269       0.68551055929514149
 -0.61381381381381117       0.63487176149284197
 -0.61231231231230965       0.58556556536418569
 -0.61081081081080812       0.53765306673940916
 -0.60930930930930660       0.49118925042739159
 -0.60780780780780508       0.44622318051382071
 -0.60630630630630356       0.40279819221736551
 -0.60480480480480203       0.36095208487658587
 -0.60330330330330051       0.32071731566278772
 -0.60180180180179899       0.28212119363579147
 -0.60030030030029746       0.24518607378058013
 -0.59879879879879594       0.20992955068312980
 -0.59729729729729442       0.17636465152332784
 -0.59579579579579289       0.14450002808184936
 -0.59429429429429137       0.11434014747614765
 -0.59279279279278985        8.5885481358365823E-002
 -0.59129129129128832        5.9132693325014904E-002
 -0.58978978978978680        3.4074824304662764E-002
 -0.58828828828828528        1.0701475705724949E-002
 -0.58678678678678375       -1.1001009878336188E-002
 -0.58528528528528223       -3.1049370594385471E-002
 -0.58378378378378071       -4.9463250059450695E-002
 -0.58228228228227918       -6.6265025055283366E-002
 -0.58078078078077766       -8.1479636334867794E-002
 -0.57927927927927614       -9.5134422675514321E-002
 -0.57777777777777461      -0.10725895830113645
 -0.57627627627627309      -0.11788489378469724
 -0.57477477477477157      -0.12704580053073072
 -0.57327327327327005      -0.13477701892715893
 -0.57177177177176852      -0.14111551024543992
 -0.57027027027026700      -0.14609971235828362
 -0.56876876876876548      -0.14976939933482972
 -0.56726726726726395      -0.15216554496422205
 -0.56576576576576243      -0.15333019024998562
 -0.56426426426426091      -0.15330631490940330
 -0.56276276276275938      -0.15213771290436789
 -0.56126126126125786      -0.14986887202268820
 -0.55975975975975634      -0.14654485752182850
 -0.55825825825825481      -0.14221119984027181
 -0.55675675675675329      -0.13691378637536275
 -0.55525525525525177      -0.13069875732037209
 -0.55375375375375024      -0.12361240554780754
 -0.55225225225224872      -0.11570108052052151
 -0.55075075075074720      -0.10701109620702948
 -0.54924924924924567       -9.7588642972573095E-002
 -0.54774774774774415       -8.7479703412898124E-002
 -0.54624624624624263       -7.6729972093348683E-002
 -0.54474474474474111       -6.5384779151883565E-002
 -0.54324324324323958       -5.3489017720746657E-002
 -0.54174174174173806       -4.1087075118012538E-002
 -0.54024024024023654       -2.8222767756858027E-002
 -0.53873873873873501       -1.4939279717335937E-002
 -0.53723723723723349       -1.2791049225322406E-003
 -0.53573573573573197        1.2716007141678858E-002
 -0.53423423423423044        2.7005102226529538E-002
 -0.53273273273272892        4.1548068705416483E-002
 -0.53123123123122740        5.6305681611711025E-002
 -0.52972972972972587        7.1239643398800678E-002
 -0.52822822822822435        8.6312621493554231E-002
 -0.52672672672672283       0.10148828271594235
 -0.52522522522522130       0.11673132463892336
 -0.52372372372371978       0.13200750396391869
 -0.52222222222221826       0.14728366198828199
 -0.52072072072071673       0.16252774724206057
 -0.51921921921921521       0.17770883537215176
 -0.51771771771771369       0.19279714635258219
 -0.51621621621621216       0.20776405910015938
 -0.51471471471471064       0.22258212357513868
 -0.51321321321320912       0.23722507044680372
 -0.51171171171170760       0.25166781840403701
 -0.51021021021020607       0.26588647919098174
 -0.50870870870870455       0.27985836044786344
 -0.50720720720720303       0.29356196643686050
 -0.50570570570570150       0.30697699673268203
 -0.50420420420419998       0.32008434295715904
 -0.50270270270269846       0.33286608363673392
 -0.50120120120119693       0.34530547726122163
 -0.49969969969969541       0.35738695362163198
 -0.49819819819819389       0.36909610350418515
 -0.49669669669669236       0.38041966681692013
 -0.49519519519519084       0.39134551922450078
 -0.49369369369368932       0.40186265736597737
 -0.49219219219218779       0.41196118272932802
 -0.49069069069068627       0.42163228425565324
 -0.48918918918918475       0.43086821974486494
 -0.48768768768768322       0.43966229613364083
 -0.48618618618618170       0.44800884871530416
 -0.48468468468468018       0.45590321937013090
 -0.48318318318317866       0.46334173387338473
 -0.48168168168167713       0.47032167834715727
 -0.48018018018017561       0.47684127492081840
 -0.47867867867867409       0.48289965666358137
 -0.47717717717717256       0.48849684185137882
 -0.47567567567567104       0.49363370762887832
 -0.47417417417416952       0.49831196312610510
 -0.47267267267266799       0.50253412208774140
 -0.47117117117116647       0.50630347507176410
 -0.46966966966966495       0.50962406127265514
 -0.46816816816816342       0.51250064002296747
 -0.46666666666666190       0.51493866202560501
 -0.46516516516516038       0.51694424036767272
 -0.46366366366365885       0.51852412136531989
 -0.46216216216215733       0.51968565528750310
 -0.46066066066065581       0.52043676700511832
 -0.45915915915915428       0.52078592661047896
 -0.45765765765765276       0.52074212005062193
 -0.45615615615615124       0.52031481981644445
 -0.45465465465464971       0.51951395572820602
 -0.45315315315314819       0.51834988585643771
 -0.45165165165164667       0.51683336761584520
 -0.45015015015014515       0.51497552906831434
 -0.44864864864864362       0.51278784046969139
 -0.44714714714714210       0.51028208609354153
 -0.44564564564564058       0.50747033636367733
 -0.44414414414413905       0.50436492032580149
 -0.44264264264263753       0.50097839848721626
 -0.44114114114113601       0.49732353605213675
 -0.43963963963963448       0.49341327657878598
 -0.43813813813813296       0.48926071608304766
 -0.43663663663663144       0.48487907761213828
 -0.43513513513512991       0.48028168631039692
 -0.43363363363362839       0.47548194499799684
 -0.43213213213212687       0.47049331028206431
 -0.43063063063062534       0.46532926921844164
 -0.42912912912912382       0.46000331654104010
 -0.42762762762762230       0.45452893247452009
 -0.42612612612612077       0.44891956114480364
 -0.42462462462461925       0.44318858960074287
 -0.42312312312311773       0.43734932745908223
 -0.42162162162161620       0.43141498718372112
 -0.42012012012011468       0.42539866500914714
 -0.41861861861861316       0.41931332251680842
 -0.41711711711711164       0.41317176887212842
 -0.41561561561561011       0.40698664372879556
 -0.41411411411410859       0.40077040080594706
 -0.41261261261260707       0.39453529214285493
 -0.41111111111110554       0.38829335303474510
 -0.40960960960960402       0.38205638765242528
 -0.40810810810810250       0.37583595534747816
 -0.40660660660660097       0.36964335764385892
 -0.40510510510509945       0.36348962591587303
 -0.40360360360359793       0.35738550975165556
 -0.40210210210209640       0.35134146600044258
 -0.40060060060059488       0.34536764850113161
 -0.39909909909909336       0.33947389848885912
 -0.39759759759759183       0.33366973567555935
 -0.39609609609609031       0.32796434999976615
 -0.39459459459458879       0.32236659404021106
 -0.39309309309308726       0.31688497608710653
 -0.39159159159158574       0.31152765386435055
 -0.39009009009008422       0.30630242889528420
 -0.38858858858858270       0.30121674150402283
 -0.38708708708708117       0.29627766644382680
 -0.38558558558557965       0.29149190914342193
 -0.38408408408407813       0.28686580256167171
 -0.38258258258257660       0.28240530464050434
 -0.38108108108107508       0.27811599634552370
 -0.37957957957957356       0.27400308028329323
 -0.37807807807807203       0.27007137988385987
 -0.37657657657657051       0.26632533913668571
 -0.37507507507506899       0.26276902286777326
 -0.37357357357356746       0.25940611754543541
 -0.37207207207206594       0.25623993260181444
 -0.37057057057056442       0.25327340225695760
 -0.36906906906906289       0.25050908783197501
 -0.36756756756756137       0.24794918053753148
 -0.36606606606605985       0.24559550472369954
 -0.36456456456455832       0.24344952157696712
 -0.36306306306305680       0.24151233325000315
 -0.36156156156155528       0.23978468740960163
 -0.36006006006005375       0.23826698218807024
 -0.35855855855855223       0.23695927152319016
 -0.35705705705705071       0.23586127087175079
 -0.35555555555554919       0.23497236328157076
 -0.35405405405404766       0.23429160580682773
 -0.35255255255254614       0.23381773625145982
 -0.35105105105104462       0.23354918022535898
 -0.34954954954954309       0.23348405849804091
 -0.34804804804804157       0.23362019463447090
 -0.34654654654654005       0.23395512289773018
 -0.34504504504503852       0.23448609640322632
 -0.34354354354353700       0.23521009550919161
 -0.34204204204203548       0.23612383642825899
 -0.34054054054053395       0.23722378004498595
 -0.33903903903903243       0.23850614092426456
 -0.33753753753753091       0.23996689649565808
 -0.33603603603602938       0.24160179639881854
 -0.33453453453452786       0.24340637197524992
 -0.33303303303302634       0.24537594589183309
 -0.33153153153152481       0.24750564188166202
 -0.33003003003002329       0.24979039458790966
 -0.32852852852852177       0.25222495949660695
 -0.32702702702702025       0.25480392294440940
 -0.32552552552551872       0.25752171218760322
 -0.32402402402401720       0.26037260551882607
 -0.32252252252251568       0.26335074241816980
 -0.32102102102101415       0.26645013372557036
 -0.31951951951951263       0.26966467182161286
 -0.31801801801801111       0.27298814080412076
 -0.31651651651650958       0.27641422664814913
 -0.31501501501500806       0.27993652733725144
 -0.31351351351350654       0.28354856295415559
 -0.31201201201200501       0.28724378571925696
 -0.31051051051050349       0.29101558996560645
 -0.30900900900900197       0.29485732203935705
 -0.30750750750750044       0.29876229011491956
 -0.30600600600599892       0.30272377391437283
 -0.30450450450449740       0.30673503432096982
 -0.30300300300299587       0.31078932287688255
 -0.30150150150149435       0.31487989115563958
 -0.29999999999999283       0.31900000000001966
 -0.29849849849849130       0.32314292861647320
 -0.29699699699698978       0.32730198351746970
 -0.29549549549548826       0.33147050730348360
 -0.29399399399398674       0.33564188727665240
 -0.29249249249248521       0.33980956387847144
 -0.29099099099098369       0.34396703894420722
 -0.28948948948948217       0.34810788376704921
 -0.28798798798798064       0.35222574696533654
 -0.28648648648647912       0.35631436214653645
 -0.28498498498497760       0.36036755536197440
 -0.28348348348347607       0.36437925234664742
 -0.28198198198197455       0.36834348553878304
 -0.28048048048047303       0.37225440087413347
 -0.27897897897897150       0.37610626435032496
 -0.27747747747746998       0.37989346835690901
 -0.27597597597596846       0.38361053776708570
 -0.27447447447446693       0.38725213578740103
 -0.27297297297296541       0.39081306956203238
 -0.27147147147146389       0.39428829552860539
 -0.26996996996996236       0.39767292452280106
 -0.26846846846846084       0.40096222662932551
 -0.26696696696695932       0.40415163577712848
 -0.26546546546545779       0.40723675407706816
 -0.26396396396395627       0.41021335590052471
 -0.26246246246245475       0.41307739169776486
 -0.26096096096095323       0.41582499155516545
 -0.25945945945945170       0.41845246849069417
 -0.25795795795795018       0.42095632148733342
 -0.25645645645644866       0.42333323826443298
 -0.25495495495494713       0.42558009778724054
 -0.25345345345344561       0.42769397251515417
 -0.25195195195194409       0.42967213038950081
 -0.25045045045044256       0.43151203656192183
 -0.24894894894894107       0.43321135486469919
 -0.24744744744743957       0.43476794902462379
 -0.24594594594593808       0.43617988362225141
 -0.24444444444443658       0.43744542479863929
 -0.24294294294293509       0.43856304071189728
 -0.24144144144143359       0.43953140174612482
 -0.23993993993993210       0.44034938047553113
 -0.23843843843843060       0.44101605138675104
 -0.23693693693692910       0.44153069036260173
 -0.23543543543542761       0.44189277393072063
 -0.23393393393392611       0.44210197828073527
 -0.23243243243242462       0.44215817805381125
 -0.23093093093092312       0.44206144490861576
 -0.22942942942942163       0.44181204586791711
 -0.22792792792792013       0.44141044145022251
 -0.22642642642641864       0.44085728359101661
 -0.22492492492491714       0.44015341335834041
 -0.22342342342341565       0.43929985846759662
 -0.22192192192191415       0.43829783060062583
 -0.22042042042041265       0.43714872253423298
 -0.21891891891891116       0.43585410508348715
 -0.21741741741740966       0.43441572386524147
 -0.21591591591590817       0.43283549588745257
 -0.21441441441440667       0.43111550596997683
 -0.21291291291290518       0.42925800300264705
 -0.21141141141140368       0.42726539604652464
 -0.20990990990990219       0.42514025028432251
 -0.20840840840840069       0.42288528282607413
 -0.20690690690689920       0.42050335837621244
 -0.20540540540539770       0.41799748476829285
 -0.20390390390389621       0.41537080837366369
 -0.20240240240239471       0.41262660939043883
 -0.20090090090089321       0.40976829701919681
 -0.19939939939939172       0.40679940453185720
 -0.19789789789789022       0.40372358424024396
 -0.19639639639638873       0.40054460237085993
 -0.19489489489488723       0.39726633385244459
 -0.19339339339338574       0.39389275702287657
 -0.19189189189188424       0.39042794826203536
 -0.19039039039038275       0.38687607655720080
 -0.18888888888888125       0.38324139800760243
 -0.18738738738737976       0.37952825027471104
 -0.18588588588587826       0.37574104698484823
 -0.18438438438437676       0.37188427209068170
 -0.18288288288287527       0.36796247419814343
 -0.18138138138137377       0.36398026086527857
 -0.17987987987987228       0.35994229287949742
 -0.17837837837837078       0.35585327851965909
 -0.17687687687686929       0.35171796780937059
 -0.17537537537536779       0.34754114676782916
 -0.17387387387386630       0.34332763166447422
 -0.17237237237236480       0.33908226328366670
 -0.17087087087086331       0.33480990120551163
 -0.16936936936936181       0.33051541810890711
 -0.16786786786786032       0.32620369410278754
 -0.16636636636635882       0.32187961109146584
 -0.16486486486485732       0.31754804717987939
 -0.16336336336335583       0.31321387112445642
 -0.16186186186185433       0.30888193683522047
 -0.16036036036035284       0.30455707793464271
 -0.15885885885885134       0.30024410237865168
 -0.15735735735734985       0.29594778714509390
 -0.15585585585584835       0.29167287299482936
 -0.15435435435434686       0.28742405931051707
 -0.15285285285284536       0.28320599901803284
 -0.15135135135134387       0.27902329359533484
 -0.14984984984984237       0.27488048817345095
 -0.14834834834834087       0.27078206673414729
 -0.14684684684683938       0.26673244740868141
 -0.14534534534533788       0.26273597788192460
 -0.14384384384383639       0.25879693090597794
 -0.14234234234233489       0.25491949992727314
 -0.14084084084083340       0.25110779483099799
 -0.13933933933933190       0.24736583780653720
 -0.13783783783783041       0.24369755933746798
 -0.13633633633632891       0.24010679431949417
 -0.13483483483482742       0.23659727830954708
 -0.13333333333332592       0.23317264390912792
 -0.13183183183182443       0.22983641728479789
 -0.13033033033032293       0.22659201482857103
 -0.12882882882882143       0.22344273996079536
 -0.12732732732731994       0.22039178007794752
 -0.12582582582581844       0.21744220364760292
 -0.12432432432431695       0.21459695745267215
 -0.12282282282281545       0.21185886398683546
 -0.12132132132131396       0.20923061900293369
 -0.11981981981981246       0.20671478921591269
 -0.11831831831831097       0.20431381016174358
 -0.11681681681680947       0.20202998421358051
 -0.11531531531530798       0.19986547875624333
 -0.11381381381380648       0.19782232451995185
 -0.11231231231230498       0.19590241407406059
 -0.11081081081080349       0.19410750048138750
 -0.10930930930930199       0.19243919611355423
 -0.10780780780780050       0.19089897162759570
 -0.10630630630629900       0.18948815510392644
 -0.10480480480479751       0.18820793134559091
 -0.10330330330329601       0.18705934133856142
 -0.10180180180179452       0.18604328187268243
 -0.10030030030029302       0.18516050532270442
  -9.8798798798791526E-002  0.18441161958868413
  -9.7297297297290031E-002  0.18379708819488055
  -9.5795795795788535E-002  0.18331723054611099
  -9.4294294294287040E-002  0.18297222234038185
  -9.2792792792785544E-002  0.18276209613645750
  -9.1291291291284049E-002  0.18268674207488003
  -8.9789789789782554E-002  0.18274590875080413
  -8.8288288288281058E-002  0.18293920423686616
  -8.6786786786779563E-002  0.18326609725416626
  -8.5285285285278067E-002  0.18372591848929906
  -8.3783783783776572E-002  0.18431786205523232
  -8.2282282282275077E-002  0.18504098709369826
  -8.0780780780773581E-002  0.18589421951662832
  -7.9279279279272086E-002  0.18687635388403828
  -7.7777777777770590E-002  0.18798605541563734
  -7.6276276276269095E-002  0.18922186213331890
  -7.4774774774767599E-002  0.19058218713156547
  -7.3273273273266104E-002  0.19206532097269122
  -7.1771771771764609E-002  0.19366943420372329
  -7.0270270270263113E-002  0.19539257999162354
  -6.8768768768761618E-002  0.19723269687343903
  -6.7267267267260122E-002  0.19918761161787443
  -6.5765765765758627E-002  0.20125504219467316
  -6.4264264264257132E-002  0.20343260084810935
  -6.2762762762755636E-002  0.20571779727079306
  -6.1261261261254134E-002  0.20810804187391130
  -5.9759759759752631E-002  0.21060064914994164
  -5.8258258258251129E-002  0.21319284112379627
  -5.6756756756749627E-002  0.21588175088828254
  -5.5255255255248124E-002  0.21866442621969454
  -5.3753753753746622E-002  0.22153783326928114
  -5.2252252252245120E-002  0.22449886032628324
  -5.0750750750743617E-002  0.22754432164816174
  -4.9249249249242115E-002  0.23067096135359991
  -4.7747747747740613E-002  0.23387545737380175
  -4.6246246246239110E-002  0.23715442545757542
  -4.4744744744737608E-002  0.24050442322563875
  -4.3243243243236106E-002  0.24392195426956095
  -4.1741741741734603E-002  0.24740347229071497
  -4.0240240240233101E-002  0.25094538527459087
  -3.8738738738731598E-002  0.25454405969580118
  -3.7237237237230096E-002  0.25819582474908759
  -3.5735735735728594E-002  0.26189697660163297
  -3.4234234234227091E-002  0.26564378266196054
  -3.2732732732725589E-002  0.26943248586071844
  -3.1231231231224087E-002  0.27325930893862682
  -2.9729729729722584E-002  0.27712045873688818
  -2.8228228228221082E-002  0.28101213048536189
  -2.6726726726719580E-002  0.28493051208381803
  -2.5225225225218077E-002  0.28887178837160998
  -2.3723723723716575E-002  0.29283214538112445
  -2.2222222222215073E-002  0.29680777457039514
  -2.0720720720713570E-002  0.30079487703030261
  -1.9219219219212068E-002  0.30478966766181126
  -1.7717717717710565E-002  0.30878837931874920
  -1.6216216216209063E-002  0.31278726691166231
  -1.4714714714707561E-002  0.31678261146834558
  -1.3213213213206058E-002  0.32077072414668745
  -1.1711711711704556E-002  0.32474795019553915
  -1.0210210210203054E-002  0.32871067285936761
  -8.7087087087015513E-003  0.33265531722252922
  -7.2072072072000498E-003  0.33657835398906077
  -5.7057057056985484E-003  0.34047630319397032
  -4.2042042041970469E-003  0.34434573784207440
  -2.7027027026955454E-003  0.34818328747052307
  -1.2012012011940439E-003  0.35198564163123086
   3.0030030030745759E-004  0.35574955328952518
   1.8018018018089591E-003  0.35947184213541650
   3.3033033033104606E-003  0.36314939780398703
   4.8048048048119621E-003  0.36677918300150075
   6.3063063063134635E-003  0.37035823653393651
   7.8078078078149650E-003  0.37388367623475149
   9.3093093093164665E-003  0.37735270178879787
   1.0810810810817969E-002  0.38076259744941859
   1.2312312312319471E-002  0.38411073464587708
   1.3813813813820974E-002  0.38739457447837827
   1.5315315315322476E-002  0.39061167009807707
   1.6816816816823978E-002  0.39375966896957876
   1.8318318318325481E-002  0.39683631501357275
   1.9819819819826983E-002  0.39983945062736970
   2.1321321321328485E-002  0.40276701858123504
   2.2822822822829988E-002  0.40561706378855605
   2.4324324324331490E-002  0.40838773494801373
   2.5825825825832992E-002  0.41107728605605859
   2.7327327327334495E-002  0.41368407778814653
   2.8828828828835997E-002  0.41620657874731604
   3.0330330330337500E-002  0.41864336657884527
   3.1831831831838998E-002  0.42099312894985824
   3.3333333333340501E-002  0.42325466439291437
   3.4834834834842003E-002  0.42542688301273968
   3.6336336336343505E-002  0.42750880705543320
   3.7837837837845008E-002  0.42949957133960542
   3.9339339339346510E-002  0.43139842354908048
   4.0840840840848013E-002  0.43320472438692786
   4.2342342342349515E-002  0.43491794759074964
   4.3843843843851017E-002  0.43653767980930142
   4.5345345345352520E-002  0.43806362034067675
   4.6846846846854022E-002  0.43949558073243777
   4.8348348348355524E-002  0.44083348424423058
   4.9849849849857027E-002  0.44207736517357438
   5.1351351351358529E-002  0.44322736804566742
   5.2852852852860031E-002  0.44428374666821058
   5.4354354354361534E-002  0.44524686305238809
   5.5855855855863036E-002  0.44611718620131757
   5.7357357357364538E-002  0.44689529076741025
   5.8858858858866041E-002  0.44758185558024999
   6.0360360360367543E-002  0.44817766204673948
   6.1861861861869046E-002  0.44868359242540995
   6.3363363363370548E-002  0.44910062797694483
   6.4864864864872043E-002  0.44942984699310218
   6.6366366366373539E-002  0.44967242270637203
   6.7867867867875034E-002  0.44982962108284896
   6.9369369369376530E-002  0.44990279850092219
   7.0870870870878025E-002  0.44989339931855404
   7.2372372372379520E-002  0.44980295333202230
   7.3873873873881016E-002  0.44963307312915501
   7.5375375375382511E-002  0.44938545134020730
   7.6876876876884007E-002  0.44906185778967095
   7.8378378378385502E-002  0.44866413655240966
   7.9879879879886997E-002  0.44819420291766704
   8.1381381381388493E-002  0.44765404026458028
   8.2882882882889988E-002  0.44704569685298345
   8.4384384384391484E-002  0.44637128253336528
   8.5885885885892979E-002  0.44563296537998437
   8.7387387387394475E-002  0.44483296825122903
   8.8888888888895970E-002  0.44397356528142967
   9.0390390390397465E-002  0.44305707830841479
   9.1891891891898961E-002  0.44208587324121440
   9.3393393393400456E-002  0.44106235637238678
   9.4894894894901952E-002  0.43998897063954956
   9.6396396396403447E-002  0.43886819184076503
   9.7897897897904942E-002  0.43770252480851907
   9.9399399399406438E-002  0.43649449954709779
  0.10090090090090793       0.43524666733824502
  0.10240240240240943       0.43396159682003671
  0.10390390390391092       0.43264187004398574
  0.10540540540541242       0.43129007851542300
  0.10690690690691391       0.42990881922227858
  0.10840840840841541       0.42850069065739738
  0.10990990990991691       0.42706828883960890
  0.11141141141141840       0.42561420333875355
  0.11291291291291990       0.42414101330994353
  0.11441441441442139       0.42265128354232995
  0.11591591591592289       0.42114756052768632
  0.11741741741742438       0.41963236855410879
  0.11891891891892588       0.41810820583017183
  0.12042042042042737       0.41657754064484770
  0.12192192192192887       0.41504280756852102
  0.12342342342343036       0.41350640370039543
  0.12492492492493186       0.41197068496760081
  0.12642642642643337       0.41043796248125647
  0.12792792792793486       0.40891049895475312
  0.12942942942943636       0.40739050518944470
  0.13093093093093786       0.40588013663294192
  0.13243243243243935       0.40438149001511403
  0.13393393393394085       0.40289660006688671
  0.13543543543544234       0.40142743632684502
  0.13693693693694384       0.39997590004059541
  0.13843843843844533       0.39854382115776743
  0.13993993993994683       0.39713295543146121
  0.14144144144144832       0.39574498162486355
  0.14294294294294982       0.39438149882966822
  0.14444444444445131       0.39304402390083654
  0.14594594594595281       0.39173398901213896
  0.14744744744745431       0.39045273933681041
  0.14894894894895580       0.38920153085753639
  0.15045045045045730       0.38798152830986898
  0.15195195195195879       0.38679380326304558
  0.15345345345346029       0.38563933234205949
  0.15495495495496178       0.38451899559467789
  0.15645645645646328       0.38343357500698366
  0.15795795795796477       0.38238375317084161
  0.15945945945946627       0.38137011210655919
  0.16096096096096776       0.38039313224383592
  0.16246246246246926       0.37945319156393897
  0.16396396396397075       0.37855056490586253
  0.16546546546547225       0.37768542343906231
  0.16696696696697375       0.37685783430516606
  0.16846846846847524       0.37606776043087692
  0.16996996996997674       0.37531506051409186
  0.17147147147147823       0.37459948918506608
  0.17297297297297973       0.37392069734424577
  0.17447447447448122       0.37327823267818233
  0.17597597597598272       0.37267154035474059
  0.17747747747748421       0.37209996389858452
  0.17897897897898571       0.37156274624771202
  0.18048048048048720       0.37105903099158233
  0.18198198198198870       0.37058786379114783
  0.18348348348349020       0.37014819398087795
  0.18498498498499169       0.36973887635261660
  0.18648648648649319       0.36935867312088011
  0.18798798798799468       0.36900625606895932
  0.18948948948949618       0.36868020887494007
  0.19099099099099767       0.36837902961651015
  0.19249249249249917       0.36810113345316720
  0.19399399399400066       0.36784485548418266
  0.19549549549550216       0.36760845378043450
  0.19699699699700365       0.36739011258793847
  0.19849849849850515       0.36718794570067170
  0.20000000000000664       0.36699999999999927
  0.20150150150150814       0.36682425915776540
  0.20300300300300964       0.36665864749983479
  0.20450450450451113       0.36650103402660728
  0.20600600600601263       0.36634923658676311
  0.20750750750751412       0.36620102620022915
  0.20900900900901562       0.36605413152608307
  0.21051051051051711       0.36590624347085321
  0.21201201201201861       0.36575501993239667
  0.21351351351352010       0.36559809067427851
  0.21501501501502160       0.36543306232530881
  0.21651651651652309       0.36525752349861973
  0.21801801801802459       0.36506905002442069
  0.21951951951952609       0.36486521029029356
  0.22102102102102758       0.36464357068263614
  0.22252252252252908       0.36440170112261022
  0.22402402402403057       0.36413718068968798
  0.22552552552553207       0.36384760332565580
  0.22702702702703356       0.36353058361166823
  0.22852852852853506       0.36318376261071789
  0.23003003003003655       0.36280481376764351
  0.23153153153153805       0.36239144885856139
  0.23303303303303954       0.36194142398138041
  0.23453453453454104       0.36145254557883361
  0.23603603603604253       0.36092267648524151
  0.23753753753754403       0.36034974198801351
  0.23903903903904553       0.35973173589468144
  0.24054054054054702       0.35906672659606070
  0.24204204204204852       0.35835286311594805
  0.24354354354355001       0.35758838113756913
  0.24504504504505151       0.35677160899682164
  0.24654654654655300       0.35590097363218265
  0.24804804804805450       0.35497500648098645
  0.24954954954955599       0.35399234931164297
  0.25105105105105752       0.35295175998119638
  0.25255255255255904       0.35185211810751332
  0.25405405405406056       0.35069243064525935
  0.25555555555556209       0.34947183735470139
  0.25705705705706361       0.34818961615228555
  0.25855855855856513       0.34684518833183242
  0.26006006006006666       0.34543812364512955
  0.26156156156156818       0.34396814523061420
  0.26306306306306970       0.34243513437879963
  0.26456456456457123       0.34083913512304514
  0.26606606606607275       0.33918035864424578
  0.26756756756757427       0.33745918747799125
  0.26906906906907579       0.33567617951275902
  0.27057057057057732       0.33383207176769275
  0.27207207207207884       0.33192778393856709
  0.27357357357358036       0.32996442170055945
  0.27507507507508189       0.32794327975652415
  0.27657657657658341       0.32586584461951407
  0.27807807807808493       0.32373379711840633
  0.27957957957958646       0.32154901461556673
  0.28108108108108798       0.31931357292562768
  0.28258258258258950       0.31702974792457977
  0.28408408408409103       0.31470001683853427
  0.28558558558559255       0.31232705920168591
  0.28708708708709407       0.30991375747319350
  0.28858858858859560       0.30746319730290361
  0.29009009009009712       0.30497866743606911
  0.29159159159159864       0.30246365924746149
  0.29309309309310017       0.29992186589553216
  0.29459459459460169       0.29735718108757042
  0.29609609609610321       0.29477369744710302
  0.29759759759760473       0.29217570447510260
  0.29909909909910626       0.28956768609691946
  0.30060060060060778       0.28695431778720698
  0.30210210210210930       0.28434046326550277
  0.30360360360361083       0.28173117075552429
  0.30510510510511235       0.27913166880166801
  0.30660660660661387       0.27654736163664251
  0.30810810810811540       0.27398382409464145
  0.30960960960961692       0.27144679606494010
  0.31111111111111844       0.26894217648131807
  0.31261261261261997       0.26647601684324118
  0.31411411411412149       0.26405451426528315
  0.31561561561562301       0.26168400405185421
  0.31711711711712454       0.25937095179488867
  0.31861861861862606       0.25712194499277297
  0.32012012012012758       0.25494368418943070
  0.32162162162162911       0.25284297363314673
  0.32312312312313063       0.25082671145539592
  0.32462462462463215       0.24890187937065131
  0.32612612612613368       0.24707553189887058
  0.32762762762763520       0.24535478511311543
  0.32912912912913672       0.24374680491552905
  0.33063063063063824       0.24225879484568050
  0.33213213213213977       0.24089798342611818
  0.33363363363364129       0.23967161105079340
  0.33513513513514281       0.23858691642287663
  0.33663663663664434       0.23765112254936818
  0.33813813813814586       0.23687142230080524
  0.33963963963964738       0.23625496354527151
  0.34114114114114891       0.23580883386686877
  0.34264264264265043       0.23554004487975347
  0.34414414414415195       0.23545551614982568
  0.34564564564565348       0.23556205873714378
  0.34714714714715500       0.23586635837315484
  0.34864864864865652       0.23637495828785379
  0.35015015015015805       0.23709424170304150
  0.35165165165165957       0.23803041400890013
  0.35315315315316109       0.23918948464218737
  0.35465465465466262       0.24057724868545208
  0.35615615615616414       0.24219926820776477
  0.35765765765766566       0.24406085336859254
  0.35915915915916719       0.24616704330756703
  0.36066066066066871       0.24852258684405640
  0.36216216216217023       0.25113192301158521
  0.36366366366367175       0.25399916145334028
  0.36516516516517328       0.25712806270614563
  0.36666666666667480       0.26052201840150424
  0.36816816816817632       0.26418403141346497
  0.36966966966967785       0.26811669598429311
  0.37117117117117937       0.27232217786010610
  0.37267267267268089       0.27680219446985688
  0.37417417417418242       0.28155799518223362
  0.37567567567568394       0.28659034167627628
  0.37717717717718546       0.29189948846268948
  0.37867867867868699       0.29748516359406330
  0.38018018018018851       0.30334654960339075
  0.38168168168169003       0.30948226471148349
  0.38318318318319156       0.31589034434506419
  0.38468468468469308       0.32256822300850335
  0.38618618618619460       0.32951271655333192
  0.38768768768769613       0.33672000489082099
  0.38918918918919765       0.34418561519406171
  0.39069069069069917       0.35190440563711278
  0.39219219219220069       0.35987054971987736
  0.39369369369370222       0.36807752122848020
  0.39519519519520374       0.37651807988196134
  0.39669669669670526       0.38518425771716031
  0.39819819819820679       0.39406734626467049
  0.39969969969970831       0.40315788456973090
  0.40120120120120983       0.41244564811287393
  0.40270270270271136       0.42191963868606763
  0.40420420420421288       0.43156807528096652
  0.40570570570571440       0.44137838604673540
  0.40720720720721593       0.45133720137569150
  0.40870870870871745       0.46143034817577472
  0.41021021021021897       0.47164284538956108
  0.41171171171172050       0.48195890082015974
  0.41321321321322202       0.49236190932496221
  0.41471471471472354       0.50283445243871705
  0.41621621621622507       0.51335829948789991
  0.41771771771772659       0.52391441025874297
  0.41921921921922811       0.53448293928162516
  0.42072072072072964       0.54504324179480479
  0.42222222222223116       0.55557388145063824
  0.42372372372373268       0.56605263982756826
  0.42522522522523420       0.57645652781115497
  0.42672672672673573       0.58676179890738067
  0.42822822822823725       0.59694396455128951
  0.42972972972973877       0.60697781147375707
  0.43123123123124030       0.61683742118884599
  0.43273273273274182       0.62649619166371029
  0.43423423423424334       0.63592686123246223
  0.43573573573574487       0.64510153481468113
  0.43723723723724639       0.65399171249847277
  0.43873873873874791       0.66256832054700476
  0.44024024024024944       0.67080174488638722
  0.44174174174175096       0.67866186713155841
  0.44324324324325248       0.68611810320546252
  0.44474474474475401       0.69313944460531252
  0.44624624624625553       0.69969450236809194
  0.44774774774775705       0.70575155378557186
  0.44924924924925858       0.71127859191721687
  0.45075075075076010       0.71624337794711879
  0.45225225225226162       0.72061349642880135
  0.45375375375376314       0.72435641345923263
  0.45525525525526467       0.72743953782058968
  0.45675675675676619       0.72983028512551973
  0.45825825825826771       0.73149614499842053
  0.45975975975976924       0.73240475132197758
  0.46126126126127076       0.73252395557466210
  0.46276276276277228       0.73182190328104058
  0.46426426426427381       0.73026711359281571
  0.46576576576577533       0.72782856201419455
  0.46726726726727685       0.72447576628068711
  0.46876876876877838       0.72017887539568226
  0.47027027027027990       0.71490876182408070
  0.47177177177178142       0.70863711683696251
  0.47327327327328295       0.70133654899567410
  0.47477477477478447       0.69298068575778493
  0.47627627627628599       0.68354427818122410
  0.47777777777778752       0.67300330869633562
  0.47927927927928904       0.66133510190878420
  0.48078078078079056       0.64851843838909351
  0.48228228228229209       0.63453367139704175
  0.48378378378379361       0.61936284648132911
  0.48528528528529513       0.60298982388668476
  0.48678678678679665       0.58540040369198043
  0.48828828828829818       0.56658245359395643
  0.48978978978979970       0.54652603924177945
  0.49129129129130122       0.52522355701788315
  0.49279279279280275       0.50266986915033485
  0.49429429429430427       0.47886244103135933
  0.49579579579580579       0.45380148060558101
  0.49729729729730732       0.42749007968002539
  0.49879879879880884       0.39993435699595015
  0.50030030030031036       0.37114360289010206
  0.50180180180181189       0.34113042536006244
  0.50330330330331341       0.30991089733487470
  0.50480480480481493       0.27750470493819790
  0.50630630630631646       0.24393529651671331
  0.50780780780781798       0.20923003219147876
  0.50930930930931950       0.17342033367432425
  0.51081081081082103       0.13654183407520543
  0.51231231231232255        9.8634527409671310E-002
  0.51381381381382407        5.9742917498250919E-002
  0.51531531531532559        1.9916165931576336E-002
  0.51681681681682712       -2.0791761243558079E-002
  0.51831831831832864       -6.2321948481230363E-002
  0.51981981981983016      -0.10461038772050783
  0.52132132132133169      -0.14758783780121468
  0.52282282282283321      -0.19117968673720742
  0.52432432432433473      -0.23530581729507549
  0.52582582582583626      -0.27988047634885410
  0.52732732732733778      -0.32481214850491108
  0.52882882882883930      -0.37000343451534823
  0.53033033033034083      -0.41535093502334941
  0.53183183183184235      -0.46074514020976581
  0.53333333333334387      -0.50607032593680601
  0.53483483483484540      -0.55120445701230902
  0.53633633633634692      -0.59601909822641275
  0.53783783783784844      -0.64037933384158274
  0.53933933933934997      -0.68414369624728788
  0.54084084084085149      -0.72716410452149249
  0.54234234234235301      -0.76928581367325422
  0.54384384384385454      -0.81034737537363533
  0.54534534534535606      -0.85018061101610021
  0.54684684684685758      -0.88861059798249031
  0.54834834834835910      -0.92545567002674167
  0.54984984984986063      -0.96052743272535113
  0.55135135135136215      -0.99363079498195472
  0.55285285285286367       -1.0245640176123776
  0.55435435435436520       -1.0531187800768300
  0.55585585585586672       -1.0790802664676136
  0.55735735735736824       -1.1022272719029618
  0.55885885885886977       -1.1223323305218600
  0.56036036036037129       -1.1391618663193741
  0.56186186186187281       -1.1524763681084891
  0.56336336336337434       -1.1620305899420171
  0.56486486486487586       -1.1675737783768985
  0.56636636636637738       -1.1688499280133693
  0.56786786786787891       -1.1655980667931278
  0.56936936936938043       -1.1575525725933338
  0.57087087087088195       -1.1444435227077761
  0.57237237237238348       -1.1259970778620771
  0.57387387387388500       -1.1019359024671862
  0.57537537537538652       -1.0719796228739429
  0.57687687687688805       -1.0358453254518369
  0.57837837837838957      -0.99324809637680456
  0.57987987987989109      -0.94390160507614151
  0.58138138138139261      -0.88751873334386011
  0.58288288288289414      -0.82381225220606646
  0.58438438438439566      -0.75249554868457391
  0.58588588588589718      -0.67328340467667358
  0.58738738738739871      -0.58589283024094263
  0.58888888888890023      -0.49004395365245040
  0.59039039039040175      -0.38546097066592688
  0.59189189189190328      -0.27187315550284935
  0.59339339339340480      -0.14901593615735828
  0.59489489489490632       -1.6632036696889486E-002
  0.59639639639640785       0.12552731068356693
  0.59789789789790937       0.27770108100979629
  0.59939939939941089       0.44011709634849161
  0.60090090090091242       0.61299058707940457
  0.60240240240241394       0.79652267150853173
  0.60390390390391546       0.99089875061812749
  0.60540540540541699        1.1962868146538357
  0.60690690690691851        1.4128356581515322
  0.60840840840842003        1.6406729999065275
  0.60990990990992155        1.8799035042855170
  0.61141141141142308        2.1306067001770037
  0.61291291291292460        2.3928347937690280
  0.61441441441442612        2.6666103712333866
  0.61591591591592765        2.9519239872839056
  0.61741741741742917        3.2487316354616267
  0.61891891891893069        3.5569520958828464
  0.62042042042043222        3.8764641560664304
  0.62192192192193374        4.2071037003344154
  0.62342342342343526        4.5486606631549629
  0.62492492492493679        4.9008758416691016
  0.62642642642643831        5.2634375625118750
  0.62792792792793983        5.6359781979056471
  0.62942942942944136        6.0180705258663769
  0.63093093093094288        6.4092239292249920
  0.63243243243244440        6.8088804280234507
  0.63393393393394593        7.2164105397000124
  0.63543543543544745        7.6311089613295504
  0.63693693693694897        8.0521900680335943
  0.63843843843845050        8.4787832215196417
  0.63993993993995202        8.9099278825516901
  0.64144144144145354        9.3445685209921123
  0.64294294294295506        9.7815493168907093
  0.64444444444445659        10.219608645928654
  0.64594594594595811        10.657373342352715
  0.64744744744745963        11.093352732361252
  0.64894894894896116        11.525932430723351
  0.65045045045046268        11.953367893230965
  0.65195195195196420        12.373777717397392
  0.65345345345346573        12.785136683625524
  0.65495495495496725        13.185268528875470
  0.65645645645646877        13.571838444663630
  0.65795795795797030        13.942345291023519
  0.65945945945947182        14.294113517852761
  0.66096096096097334        14.624284784861072
  0.66246246246247487        14.929809271120353
  0.66396396396397639        15.207436664998996
  0.66546546546547791        15.453706825040923
  0.66696696696697944        15.664940102122360
  0.66846846846848096        15.837227312988066
  0.66996996996998248        15.966419355033654
  0.67147147147148400        16.048116451959256
  0.67297297297298553        16.077657019675065
  0.67447447447448705        16.050106141589900
  0.67597597597598857        15.960243642159252
  0.67747747747749010        15.802551747308783
  0.67897897897899162        15.571202320086961
  0.68048048048049314        15.260043659628698
  0.68198198198199467        14.862586851239378
  0.68348348348349619        14.371991655127617
  0.68498498498499771        13.781051921030851
  0.68648648648649924        13.082180515687293
  0.68798798798800076        12.267393749812264
  0.68948948948950228        11.328295290935358
  0.69099099099100381        10.256059548148579
  0.69249249249250533        9.0414145145029448
  0.69399399399400685        7.6746240524725264
  0.69549549549550838        6.1454696075815063
  0.69699699699700990        4.4432313349590480
  0.69849849849851142        2.5566686232519009
  0.69999999999999996       0.47399999999999998
