 0.                         0.
 0.001                         0.0008633318333333333
 0.002                         0.0029236024821222223
 0.003                         0.005452411451828067
 0.004                         0.00788537292625154
 0.005                         0.0098595861751769
 0.006                         0.011206092807507286
 0.007                         0.011913374030470441
 0.008                         0.012077347599554374
 0.009000000000000001                         0.011850419623647397
 0.01                         0.01139816315864521
 0.011                         0.010868134802497334
 0.012                         0.010371886214545748
 0.013000000000000001                         0.00997873989038403
 0.014                         0.009718462466522379
 0.015                         0.009589470700864933
 0.016                         0.009569416826347897
 0.017                         0.009625653092130143
 0.018000000000000002                         0.009723918615661893
 0.019                         0.009834425777590588
 0.02                         0.009935216091833001
 0.021                         0.010013141052421107
 0.022                         0.010063091410816877
 0.023                         0.010086176924584266
 0.024                         0.010087497487678133
 0.025                         0.01007400164761878
 0.026000000000000002                         0.010052750930426258
 0.027                         0.010029737689917079
 0.028                         0.010009265784392072
 0.029                         0.009993809064087686
 0.03                         0.009984213192292767
 0.031                         0.00998009496159519
 0.032                         0.009980309294161497
 0.033                         0.009983385908995569
 0.034                         0.009987874850280232
 0.035                         0.009992574881162238
 0.036000000000000004                         0.009996646303707075
 0.037                         0.00999962799023843
 0.038                         0.010001387423556864
 0.039                         0.010002033917477548
 0.04                         0.010001821218526849
 0.041                         0.010001058779104628
 0.042                         0.010000043231001834
 0.043000000000000003                         0.009999014514603156
 0.044                         0.00999813565365733
 0.045                         0.009997491664494495
 0.046                         0.00999710147243654
 0.047                         0.009996936617919613
 0.048                         0.00999694148242585
 0.049                         0.009997051254148182
 0.05                         0.009997205465181498
 0.051000000000000004                         0.009997356364394793
 0.052000000000000005                         0.009997472469896003
 0.053                         0.009997538313256818
 0.054                         0.009997551671645458
 0.055                         0.009997519564282223
 0.056                         0.009997454069447994
 0.057                         0.009997368699380968
 0.058                         0.009997275737017754
 0.059000000000000004                         0.009997184649496274
 0.06                         0.009997101480894829
 0.061                         0.009997029000043275
 0.062                         0.009996967330671817
 0.063                         0.009996914802814685
 0.064                         0.009996868814529944
 0.065                         0.00999682656082073
 0.066                         0.009996785555325804
 0.067                         0.009996743928469557
 0.068                         0.009996700527379143
 0.069                         0.009996654866679111
 0.07                         0.00999660698727201
 0.07100000000000001                         0.009996557276317016
 0.07200000000000001                         0.009996506290378385
 0.073                         0.00999645460937344
 0.074                         0.00999640273485304
 0.075                         0.009996351034500982
 0.076                         0.00999629972662356
 0.077                         0.009996248893968713
 0.078                         0.009996198514971182
 0.079                         0.009996148501616448
 0.08                         0.0099960987356037
 0.081                         0.0099960490975049
 0.082                         0.00999599948649977
 0.083                         0.009995949830591808
 0.084                         0.00999590008878513
 0.085                         0.009995850247517802
 0.08600000000000001                         0.009995800313822216
 0.08700000000000001                         0.009995750307399806
 0.088                         0.00999570025325274
 0.089                         0.009995650175883762
 0.09                         0.00999560009548796
 0.091                         0.009995550026097625
 0.092                         0.009995499975337533
 0.093                         0.009995449945299734
 0.094                         0.009995399934027194
 0.095                         0.009995349937165124
 0.096                         0.00999529994945702
 0.097                         0.009995249965894024
 0.098                         0.009995199982445439
 0.099                         0.009995149996389988
 0.1                         0.009995100006325626
