 0.                         0.
 0.001                         1.59466235
 0.002                         2.4053805819344443
 0.003                         2.558989272280055
 0.004                         2.2470767703491754
 0.005                         1.6735877785794209
 0.006                         1.0176855794455912
 0.007                         0.4128677805784463
 0.008                         -0.05963327735633168
 0.009000000000000001                         -0.366801698361993
 0.01                         -0.5133055227234607
 0.011                         -0.5283243729130221
 0.012                         -0.4527427018887128
 0.013000000000000001                         -0.3286646279161756
 0.014                         -0.19218550089592024
 0.015                         -0.06951921489426886
 0.016                         0.023996427830620604
 0.017                         0.08280324893685319
 0.018000000000000002                         0.10880184249269105
 0.019                         0.10858602388093666
 0.02                         0.09082748726967667
 0.021                         0.06418522481788314
 0.022                         0.035905776213936515
 0.023                         0.01111365499537066
 0.024                         -0.007320389159457327
 0.025                         -0.018502288814507484
 0.026000000000000002                         -0.023008373974556236
 0.027                         -0.022307485320441574
 0.028                         -0.0182287720550207
 0.029                         -0.0125464121179117
 0.03                         -0.006710064920108958
 0.031                         -0.00171674634110604
 0.032                         0.001901693850353255
 0.033                         0.0040115486136468185
 0.034                         0.004767758724329626
 0.035                         0.004493692247295349
 0.036000000000000004                         0.0035732241865367134
 0.037                         0.002368561633384822
 0.038                         0.0011686557120735067
 0.039                         0.0001664873639593423
 0.04                         -0.000540603122160799
 0.041                         -0.0009351883446012059
 0.042                         -0.0010562509893637837
 0.043000000000000003                         -0.0009742782421666854
 0.044                         -0.000769453675274416
 0.045                         -0.0005154619856969741
 0.046                         -0.00026968318968225276
 0.047                         -0.00006926105355732601
 0.048                         0.00006825213850014504
 0.049                         0.00014128675766193492
 0.05                         0.00015924461617690302
 0.051000000000000004                         0.00013735990045153526
 0.052000000000000005                         0.00009230760263904669
 0.053                         0.00003902520879371351
 0.054                         -0.000011136761510632221
 0.055                         -0.00005107330835817594
 0.056                         -0.0000776781831293604
 0.057                         -0.00009103007941977009
 0.058                         -0.00009333055051850112
 0.059000000000000004                         -0.00008784765250950135
 0.06                         -0.00007803470020819823
 0.061                         -0.00006690932406577
 0.062                         -0.000056707745566881864
 0.063                         -0.00004877965101251598
 0.064                         -0.00004366143996058089
 0.065                         -0.000041257204100878954
 0.066                         -0.00004106260006469371
 0.067                         -0.00004238118629989534
 0.068                         -0.00004450063081072513
 0.069                         -0.00004681344122474501
 0.07                         -0.0000488809203732531
 0.07100000000000001                         -0.00005044868301983224
 0.07200000000000001                         -0.00005142717676806533
 0.073                         -0.00005185189526960886
 0.074                         -0.000051836425264593305
 0.075                         -0.00005152830121702918
 0.076                         -0.00005107390010043403
 0.077                         -0.00005059508975677728
 0.078                         -0.00005017754459194728
 0.079                         -0.00004986877909131501
 0.08                         -0.00004968301632101106
 0.081                         -0.000049609850176546167
 0.082                         -0.000049624047009640393
 0.083                         -0.00004969452205466221
 0.084                         -0.00004979130712356144
 0.085                         -0.00004989004165870458
 0.08600000000000001                         -0.00004997407494788123
 0.08700000000000001                         -0.00005003462568992814
 0.088                         -0.00005006961307439712
 0.089                         -0.000050081786585963746
 0.09                         -0.00005007668880609716
 0.091                         -0.000050060836535886824
 0.092                         -0.000050040343216986314
 0.093                         -0.00005002006061437032
 0.094                         -0.00005000320784696513
 0.095                         -0.00004999138734999599
 0.096                         -0.00004998485770161157
 0.097                         -0.00004998293444997706
 0.098                         -0.00004998441178210843
 0.099                         -0.00004998792979983242
 0.1                         -0.000049992245773033176
