 # 
 # =======Estimasi Titik Data=======
 # Batas awal : 119.2
 # Batas akhir : 119.4
 # Jumlah titik : 2000
 # x			f(x)
 119.2 			 0.003498499999999925
 119.2001 			 0.003495819103627407
 119.20020000000001 			 0.003493138206176567
 119.2003 			 0.0034904573076475847
 119.2004 			 0.0034877764080395103
 119.2005 			 0.00348509550735252
 119.20060000000001 			 0.003482414605586421
 119.2007 			 0.0034797337027413907
 119.2008 			 0.00347705279881647
 119.2009 			 0.00347437189381186
 119.20100000000001 			 0.003471690987727337
 119.2011 			 0.003469010080563097
 119.2012 			 0.0034663291723181834
 119.2013 			 0.0034636482629927796
 119.2014 			 0.003460967352586688
 119.2015 			 0.0034582864411000862
 119.2016 			 0.0034556055285320238
 119.2017 			 0.003452924614882678
 119.2018 			 0.0034502437001518536
 119.20190000000001 			 0.003447562784339351
 119.202 			 0.0034448818674453633
 119.2021 			 0.0034422009494689187
 119.2022 			 0.003439520030410208
 119.20230000000001 			 0.00343683911026903
 119.2024 			 0.0034341581890455714
 119.2025 			 0.003431477266738875
 119.2026 			 0.003428796343349121
 119.20270000000001 			 0.003426115418876113
 119.2028 			 0.0034234344933200384
 119.2029 			 0.003420753566679931
 119.203 			 0.0034180726389559752
 119.2031 			 0.0034153917101479745
 119.20320000000001 			 0.0034127107802557435
 119.2033 			 0.0034100298492794503
 119.2034 			 0.0034073489172181436
 119.2035 			 0.0034046679840719998
 119.20360000000001 			 0.0034019870498408315
 119.2037 			 0.003399306114524814
 119.2038 			 0.0033966251781229924
 119.2039 			 0.0033939442406355548
 119.20400000000001 			 0.003391263302062294
 119.2041 			 0.003388582362403399
 119.2042 			 0.003385901421657907
 119.2043 			 0.0033832204798260115
 119.2044 			 0.0033805395369075047
 119.2045 			 0.003377858592902578
 119.2046 			 0.0033751776478102647
 119.2047 			 0.003372496701630752
 119.2048 			 0.00336981575436384
 119.20490000000001 			 0.00336713480600934
 119.205 			 0.003364453856567427
 119.2051 			 0.0033617729060371475
 119.2052 			 0.0033590919544186815
 119.20530000000001 			 0.00335641100171183
 119.2054 			 0.0033537300479167787
 119.2055 			 0.003351049093032574
 119.2056 			 0.0033483681370593934
 119.20570000000001 			 0.0033456871799970433
 119.2058 			 0.0033430062218456976
 119.2059 			 0.0033403252626044103
 119.206 			 0.003337644302273356
 119.2061 			 0.0033349633408523436
 119.20620000000001 			 0.0033322823783411694
 119.2063 			 0.0033296014147400216
 119.2064 			 0.0033269204500479387
 119.2065 			 0.0033242394842651125
 119.20660000000001 			 0.003321558517391334
 119.2067 			 0.0033188775494267936
 119.2068 			 0.003316196580370529
 119.2069 			 0.003313515610222726
 119.20700000000001 			 0.0033108346389831844
 119.2071 			 0.003308153666652098
 119.2072 			 0.0033054726932284944
 119.2073 			 0.003302791718712561
 119.2074 			 0.0033001107431041006
 119.2075 			 0.0032974297664033056
 119.2076 			 0.0032947487886092037
 119.2077 			 0.003292067809721988
 119.2078 			 0.0032893868297414535
 119.20790000000001 			 0.0032867058486674115
 119.208 			 0.0032840248665000466
 119.2081 			 0.003281343883238386
 119.2082 			 0.0032786628988826214
 119.20830000000001 			 0.00327598191343256
 119.2084 			 0.0032733009268883792
 119.2085 			 0.0032706199392491275
 119.2086 			 0.0032679389505149764
 119.20870000000001 			 0.0032652579606857386
 119.2088 			 0.0032625769697615906
 119.2089 			 0.003259895977741582
 119.209 			 0.003257214984625889
 119.2091 			 0.0032545339904143213
 119.20920000000001 			 0.003251852995106676
 119.2093 			 0.003249171998703139
 119.2094 			 0.003246491001202746
 119.2095 			 0.0032438100026056876
 119.20960000000001 			 0.0032411290029117595
 119.2097 			 0.003238448002121155
 119.2098 			 0.003235767000232911
 119.2099 			 0.0032330859972472077
 119.21000000000001 			 0.0032304049931638464
 119.2101 			 0.0032277239879830227
 119.2102 			 0.0032250429817037626
 119.2103 			 0.003222361974326259
 119.2104 			 0.0032196809658503137
 119.2105 			 0.003216999956276106
 119.2106 			 0.003214318945602677
 119.2107 			 0.0032116379338302183
 119.2108 			 0.0032089569209585236
 119.21090000000001 			 0.003206275906987399
 119.211 			 0.0032035948919170317
 119.2111 			 0.003200913875746453
 119.2112 			 0.0031982328584758647
 119.21130000000001 			 0.0031955518401050463
 119.2114 			 0.0031928708206341973
 119.2115 			 0.003190189800062354
 119.2116 			 0.003187508778389697
 119.21170000000001 			 0.003184827755616036
 119.2118 			 0.003182146731741549
 119.2119 			 0.0031794657067652802
 119.212 			 0.003176784680687412
 119.2121 			 0.0031741036535077403
 119.21220000000001 			 0.0031714226252260867
 119.2123 			 0.0031687415958426167
 119.2124 			 0.0031660605653563755
 119.2125 			 0.0031633795337675497
 119.21260000000001 			 0.0031606985010759372
 119.2127 			 0.003158017467281727
 119.2128 			 0.003155336432383967
 119.2129 			 0.0031526553963828175
 119.21300000000001 			 0.003149974359278106
 119.2131 			 0.00314729332107
 119.2132 			 0.003144612281757554
 119.2133 			 0.0031419312413409365
 119.21340000000001 			 0.0031392501998199563
 119.2135 			 0.0031365691571948024
 119.2136 			 0.0031338881134645134
 119.2137 			 0.0031312070686292655
 119.2138 			 0.0031285260226888737
 119.21390000000001 			 0.0031258449756431327
 119.214 			 0.0031231639274922245
 119.2141 			 0.003120482878235193
 119.2142 			 0.0031178018278722208
 119.21430000000001 			 0.0031151207764031183
 119.2144 			 0.003112439723828061
 119.2145 			 0.00310975867014609
 119.2146 			 0.003107077615357394
 119.21470000000001 			 0.0031043965594617666
 119.2148 			 0.0031017155024594
 119.2149 			 0.003099034444349331
 119.215 			 0.003096353385131745
 119.2151 			 0.003093672324806446
 119.21520000000001 			 0.0030909912633732316
 119.2153 			 0.0030883102008322895
 119.2154 			 0.00308562913718266
 119.2155 			 0.003082948072424528
 119.21560000000001 			 0.0030802670065576947
 119.2157 			 0.0030775859395823406
 119.2158 			 0.003074904871497512
 119.2159 			 0.003072223802303392
 119.21600000000001 			 0.003069542731999781
 119.2161 			 0.0030668616605868644
 119.2162 			 0.003064180588063678
 119.2163 			 0.0030614995144304137
 119.21640000000001 			 0.003058818439686868
 119.2165 			 0.0030561373638332287
 119.2166 			 0.003053456286868529
 119.2167 			 0.0030507752087929664
 119.2168 			 0.0030480941296063295
 119.21690000000001 			 0.0030454130493084283
 119.217 			 0.0030427319678994467
 119.2171 			 0.0030400508853784215
 119.2172 			 0.0030373698017455413
 119.21730000000001 			 0.0030346887170006084
 119.2174 			 0.0030320076311437997
 119.2175 			 0.003029326544174164
 119.2176 			 0.0030266454560918836
 119.21770000000001 			 0.0030239643668967552
 119.2178 			 0.003021283276588968
 119.2179 			 0.003018602185167557
 119.218 			 0.003015921092632721
 119.2181 			 0.0030132399989842426
 119.21820000000001 			 0.003010558904221939
 119.2183 			 0.0030078778083459847
 119.2184 			 0.0030051967113554324
 119.2185 			 0.0030025156132504533
 119.21860000000001 			 0.002999834514030854
 119.2187 			 0.0029971534136968227
 119.2188 			 0.0029944723122473944
 119.2189 			 0.002991791209682755
 119.21900000000001 			 0.0029891101060027063
 119.2191 			 0.002986429001207437
 119.2192 			 0.0029837478952959794
 119.2193 			 0.002981066788268527
 119.21940000000001 			 0.0029783856801248744
 119.2195 			 0.0029757045708652076
 119.2196 			 0.002973023460488567
 119.2197 			 0.002970342348995141
 119.2198 			 0.002967661236384728
 119.21990000000001 			 0.0029649801226571274
 119.22 			 0.002962299007812534
 119.2201 			 0.002959617891849975
 119.2202 			 0.002956936774769641
 119.22030000000001 			 0.0029542556565713375
 119.2204 			 0.0029515745372552405
 119.2205 			 0.0029488934168203996
 119.2206 			 0.002946212295266993
 119.22070000000001 			 0.0029435311725948296
 119.2208 			 0.0029408500488040793
 119.2209 			 0.002938168923893795
 119.221 			 0.002935487797864162
 119.2211 			 0.0029328066707149715
 119.2212 			 0.0029301255424464176
 119.2213 			 0.0029274444130575365
 119.2214 			 0.0029247632825485145
 119.2215 			 0.0029220821509191547
 119.22160000000001 			 0.0029194010181692507
 119.2217 			 0.002916719884298994
 119.2218 			 0.002914038749307426
 119.2219 			 0.0029113576131947335
 119.22200000000001 			 0.002908676475960711
 119.2221 			 0.0029059953376055483
 119.2222 			 0.0029033141981282848
 119.2223 			 0.002900633057529097
 119.22240000000001 			 0.0028979519158077987
 119.2225 			 0.002895270772964567
 119.2226 			 0.0028925896289984463
 119.2227 			 0.0028899084839096234
 119.2228 			 0.002887227337697888
 119.22290000000001 			 0.002884546190363055
 119.223 			 0.002881865041905299
 119.2231 			 0.0028791838923236707
 119.2232 			 0.0028765027416183483
 119.22330000000001 			 0.002873821589789138
 119.2234 			 0.002871140436836219
 119.2235 			 0.0028684592827586297
 119.2236 			 0.00286577812755656
 119.22370000000001 			 0.0028630969712298135
 119.2238 			 0.0028604158137785687
 119.2239 			 0.0028577346552018704
 119.224 			 0.002855053495499899
 119.2241 			 0.002852372334672463
 119.2242 			 0.002849691172719734
 119.2243 			 0.0028470100096407666
 119.2244 			 0.002844328845435738
 119.2245 			 0.002841647680104448
 119.22460000000001 			 0.002838966513646705
 119.2247 			 0.0028362853460626976
 119.2248 			 0.002833604177351446
 119.2249 			 0.002830923007513159
 119.22500000000001 			 0.0028282418365476207
 119.2251 			 0.0028255606644550266
 119.2252 			 0.0028228794912344146
 119.2253 			 0.0028201983168859622
 119.22540000000001 			 0.002817517141409474
 119.2255 			 0.0028148359648051437
 119.2256 			 0.002812154787072001
 119.2257 			 0.0028094736082102294
 119.2258 			 0.0028067924282196436
 119.22590000000001 			 0.002804111247100036
 119.226 			 0.0028014300648515865
 119.2261 			 0.0027987488814733468
 119.2262 			 0.002796067696965496
 119.22630000000001 			 0.0027933865113278357
 119.2264 			 0.0027907053245605474
 119.2265 			 0.0027880241366626786
 119.2266 			 0.002785342947634412
 119.22670000000001 			 0.0027826617574755437
 119.2268 			 0.0027799805661862624
 119.2269 			 0.0027772993737656066
 119.227 			 0.0027746181802137636
 119.22710000000001 			 0.002771936985530535
 119.2272 			 0.002769255789716099
 119.2273 			 0.002766574592769506
 119.2274 			 0.0027638933946909305
 119.2275 			 0.0027612121954801792
 119.22760000000001 			 0.002758530995137056
 119.2277 			 0.002755849793661744
 119.2278 			 0.0027531685910532826
 119.2279 			 0.00275048738731186
 119.22800000000001 			 0.0027478061824372665
 119.2281 			 0.002745124976429703
 119.2282 			 0.002742443769288199
 119.2283 			 0.0027397625610129394
 119.22840000000001 			 0.002737081351603733
 119.2285 			 0.002734400141060755
 119.2286 			 0.0027317189293830516
 119.2287 			 0.0027290377165708015
 119.2288 			 0.0027263565026238177
 119.22890000000001 			 0.002723675287541896
 119.229 			 0.002720994071325216
 119.2291 			 0.0027183128539728274
 119.2292 			 0.0027156316354849034
 119.22930000000001 			 0.002712950415861261
 119.2294 			 0.0027102691951020703
 119.2295 			 0.0027075879732063796
 119.2296 			 0.002704906750174368
 119.22970000000001 			 0.002702225526005839
 119.2298 			 0.002699544300700985
 119.2299 			 0.0026968630742588355
 119.23 			 0.0026941818466795823
 119.23010000000001 			 0.0026915006179630196
 119.2302 			 0.0026888193881093414
 119.2303 			 0.002686138157117577
 119.2304 			 0.0026834569249879216
 119.2305 			 0.002680775691720169
 119.23060000000001 			 0.002678094457314126
 119.2307 			 0.002675413221769971
 119.2308 			 0.002672731985086756
 119.2309 			 0.002670050747264655
 119.23100000000001 			 0.0026673695083034763
 119.2311 			 0.0026646882682033993
 119.2312 			 0.002662007026963467
 119.2313 			 0.002659325784583868
 119.23140000000001 			 0.0026566445410643913
 119.2315 			 0.002653963296405233
 119.2316 			 0.0026512820506054344
 119.2317 			 0.0026486008036651697
 119.2318 			 0.002645919555584245
 119.23190000000001 			 0.002643238306362465
 119.232 			 0.0026405570560000154
 119.2321 			 0.0026378758044959373
 119.2322 			 0.0026351945518504087
 119.23230000000001 			 0.0026325132980632394
 119.2324 			 0.002629832043134607
 119.2325 			 0.002627150787063555
 119.2326 			 0.002624469529850263
 119.23270000000001 			 0.0026217882714945446
 119.2328 			 0.0026191070119965672
 119.2329 			 0.0026164257513553862
 119.233 			 0.002613744489571179
 119.23310000000001 			 0.002611063226643748
 119.2332 			 0.0026083819625732797
 119.2333 			 0.0026057006973588125
 119.2334 			 0.0026030194310005294
 119.2335 			 0.002600338163498237
 119.23360000000001 			 0.002597656894851736
 119.2337 			 0.0025949756250612083
 119.2338 			 0.002592294354125698
 119.2339 			 0.0025896130820453867
 119.23400000000001 			 0.002586931808820074
 119.2341 			 0.002584250534449952
 119.2342 			 0.0025815692589340527
 119.2343 			 0.002578887982272562
 119.23440000000001 			 0.002576206704465289
 119.2345 			 0.0025735254255124075
 119.2346 			 0.0025708441454129665
 119.2347 			 0.002568162864167147
 119.2348 			 0.0025654815817747487
 119.23490000000001 			 0.0025628002982355817
 119.235 			 0.0025601190135498197
 119.2351 			 0.0025574377277165117
 119.2352 			 0.0025547564407358402
 119.23530000000001 			 0.0025520751526076006
 119.2354 			 0.002549393863331987
 119.2355 			 0.002546712572908035
 119.2356 			 0.002544031281335925
 119.23570000000001 			 0.0025413499886154643
 119.2358 			 0.002538668694746837
 119.2359 			 0.002535987399729081
 119.236 			 0.002533306103562387
 119.23610000000001 			 0.002530624806246551
 119.2362 			 0.002527943507781752
 119.2363 			 0.0025252622081670386
 119.2364 			 0.002522580907402602
 119.2365 			 0.00251989960548823
 119.23660000000001 			 0.0025172183024237227
 119.2367 			 0.002514536998209283
 119.2368 			 0.002511855692843937
 119.2369 			 0.002509174386327873
 119.23700000000001 			 0.002506493078660891
 119.2371 			 0.0025038117698431774
 119.2372 			 0.002501130459873772
 119.2373 			 0.0024984491487528653
 119.23740000000001 			 0.002495767836480243
 119.2375 			 0.0024930865230561082
 119.2376 			 0.002490405208479488
 119.2377 			 0.0024877238927505725
 119.23780000000001 			 0.002485042575869161
 119.23790000000001 			 0.002482361257835061
 119.238 			 0.002479679938648446
 119.2381 			 0.0024769986183083748
 119.2382 			 0.0024743172968150176
 119.23830000000001 			 0.0024716359741681748
 119.2384 			 0.0024689546503680383
 119.2385 			 0.0024662733254136445
 119.2386 			 0.002463591999305175
 119.23870000000001 			 0.0024609106720424457
 119.2388 			 0.002458229343625626
 119.2389 			 0.0024555480140537604
 119.239 			 0.002452866683327035
 119.23910000000001 			 0.002450185351445248
 119.2392 			 0.002447504018408588
 119.2393 			 0.002444822684216094
 119.2394 			 0.002442141348867949
 119.2395 			 0.0024394600123639576
 119.23960000000001 			 0.002436778674703919
 119.2397 			 0.0024340973358880193
 119.2398 			 0.002431415995915301
 119.2399 			 0.0024287346547859482
 119.24000000000001 			 0.002426053312499755
 119.2401 			 0.0024233719690569147
 119.2402 			 0.002420690624456469
 119.2403 			 0.002418009278698594
 119.24040000000001 			 0.002415327931783093
 119.2405 			 0.002412646583710159
 119.2406 			 0.002409965234478822
 119.2407 			 0.0024072838840892693
 119.24080000000001 			 0.0024046025325413067
 119.2409 			 0.0024019211798351143
 119.241 			 0.0023992398259697367
 119.2411 			 0.0023965584709453544
 119.2412 			 0.0023938771147617686
 119.24130000000001 			 0.0023911957574187866
 119.2414 			 0.002388514398916589
 119.2415 			 0.0023858330392542183
 119.2416 			 0.0023831516784318567
 119.24170000000001 			 0.002380470316449307
 119.2418 			 0.0023777889533067556
 119.2419 			 0.0023751075890032377
 119.242 			 0.002372426223538943
 119.24210000000001 			 0.0023697448569136702
 119.2422 			 0.0023670634891276078
 119.2423 			 0.0023643821201797914
 119.2424 			 0.0023617007500704034
 119.2425 			 0.0023590193787992567
 119.24260000000001 			 0.0023563380063661445
 119.2427 			 0.0023536566327712494
 119.2428 			 0.0023509752580136187
 119.2429 			 0.0023482938820934365
 119.24300000000001 			 0.002345612505010494
 119.2431 			 0.0023429311267649917
 119.2432 			 0.0023402497473559557
 119.2433 			 0.0023375683667835804
 119.24340000000001 			 0.002334886985047664
 119.2435 			 0.002332205602148385
 119.2436 			 0.002329524218084793
 119.2437 			 0.0023268428328570706
 119.24380000000001 			 0.0023241614464650164
 119.2439 			 0.0023214800589088126
 119.244 			 0.0023187986701875066
 119.2441 			 0.0023161172803012756
 119.2442 			 0.0023134358892499297
 119.24430000000001 			 0.0023107544970332643
 119.2444 			 0.0023080731036514714
 119.2445 			 0.002305391709103581
 119.2446 			 0.002302710313389781
 119.24470000000001 			 0.0023000289165098823
 119.2448 			 0.0022973475184640537
 119.2449 			 0.0022946661192513526
 119.245 			 0.002291984718871945
 119.24510000000001 			 0.002289303317325648
 119.2452 			 0.0022866219146126447
 119.2453 			 0.0022839405107319675
 119.2454 			 0.002281259105683804
 119.2455 			 0.002278577699467955
 119.24560000000001 			 0.002275896292084224
 119.2457 			 0.0022732148835328
 119.2458 			 0.00227053347381272
 119.2459 			 0.002267852062924164
 119.24600000000001 			 0.0022651706508669375
 119.2461 			 0.002262489237641225
 119.2462 			 0.002259807823246073
 119.2463 			 0.0022571264076816527
 119.24640000000001 			 0.002254444990947776
 119.2465 			 0.002251763573044626
 119.2466 			 0.002249082153971233
 119.2467 			 0.002246400733727798
 119.24680000000001 			 0.0022437193123141155
 119.2469 			 0.002241037889730364
 119.247 			 0.0022383564659755883
 119.2471 			 0.0022356750410499767
 119.2472 			 0.0022329936149533256
 119.24730000000001 			 0.00223031218768544
 119.2474 			 0.002227630759246505
 119.2475 			 0.002224949329635559
 119.2476 			 0.002222267898852787
 119.24770000000001 			 0.0022195864668979894
 119.2478 			 0.0022169050337713593
 119.2479 			 0.0022142235994719243
 119.248 			 0.0022115421639998752
 119.24810000000001 			 0.002208860727355013
 119.2482 			 0.0022061792895375254
 119.2483 			 0.0022034978505464466
 119.2484 			 0.002200816410381963
 119.2485 			 0.002198134969043881
 119.24860000000001 			 0.0021954535265319933
 119.2487 			 0.002192772082846498
 119.2488 			 0.002190090637986423
 119.2489 			 0.0021874091919519595
 119.24900000000001 			 0.0021847277447429115
 119.2491 			 0.0021820462963594565
 119.2492 			 0.0021793648468006366
 119.2493 			 0.002176683396066637
 119.24940000000001 			 0.0021740019441572633
 119.2495 			 0.002171320491072696
 119.2496 			 0.0021686390368119727
 119.2497 			 0.002165957581375288
 119.24980000000001 			 0.0021632761247624296
 119.2499 			 0.002160594666973592
 119.25 			 0.002157913208007813
 119.2501 			 0.002155231747865275
 119.2502 			 0.0021525502865457824
 119.25030000000001 			 0.0021498688240491385
 119.2504 			 0.002147187360375524
 119.2505 			 0.0021445058955239815
 119.2506 			 0.0021418244294947
 119.25070000000001 			 0.0021391429622874725
 119.2508 			 0.0021364614939024884
 119.2509 			 0.0021337800243387875
 119.251 			 0.002131098553596555
 119.25110000000001 			 0.002128417081675587
 119.2512 			 0.002125735608576075
 119.2513 			 0.002123054134297056
 119.2514 			 0.0021203726588387177
 119.25150000000001 			 0.0021176911822008574
 119.25160000000001 			 0.0021150097043832797
 119.2517 			 0.0021123282253861734
 119.2518 			 0.0021096467452085725
 119.2519 			 0.002106965263850661
 119.25200000000001 			 0.002104283781312241
 119.2521 			 0.002101602297593505
 119.2522 			 0.002098920812693485
 119.2523 			 0.0020962393266123675
 119.25240000000001 			 0.0020935578393499574
 119.2525 			 0.002090876350906434
 119.2526 			 0.0020881948612808386
 119.2527 			 0.0020855133704733605
 119.25280000000001 			 0.0020828318784837947
 119.2529 			 0.00208015038531233
 119.253 			 0.002077468890958004
 119.2531 			 0.0020747873954210087
 119.2532 			 0.0020721058987011303
 119.25330000000001 			 0.002069424400798187
 119.2534 			 0.0020667429017123557
 119.2535 			 0.0020640614014426845
 119.2536 			 0.002061379899989346
 119.25370000000001 			 0.00205869839735215
 119.2538 			 0.002056016893531275
 119.2539 			 0.002053335388525765
 119.254 			 0.0020506538823358085
 119.25410000000001 			 0.0020479723749612004
 119.2542 			 0.0020452908664021297
 119.2543 			 0.0020426093566576304
 119.2544 			 0.0020399278457278952
 119.25450000000001 			 0.0020372463336127203
 119.25460000000001 			 0.002034564820311913
 119.2547 			 0.0020318833058256534
 119.2548 			 0.0020292017901529812
 119.2549 			 0.0020265202732940835
 119.25500000000001 			 0.002023838755248763
 119.2551 			 0.0020211572360172036
 119.2552 			 0.0020184757155984434
 119.2553 			 0.0020157941939926653
 119.25540000000001 			 0.002013112671199682
 119.2555 			 0.0020104311472196644
 119.2556 			 0.0020077496220516594
 119.2557 			 0.0020050680956958437
 119.25580000000001 			 0.0020023865681520346
 119.2559 			 0.0019997050394204015
 119.256 			 0.001997023509499996
 119.2561 			 0.0019943419783909904
 119.2562 			 0.001991660446093196
 119.25630000000001 			 0.001988978912606419
 119.2564 			 0.0019862973779308326
 119.2565 			 0.0019836158420654822
 119.2566 			 0.00198093430501055
 119.25670000000001 			 0.0019782527667658433
 119.2568 			 0.001975571227331544
 119.2569 			 0.0019728896867066926
 119.257 			 0.0019702081448914645
 119.25710000000001 			 0.001967526601885679
 119.2572 			 0.001964845057689506
 119.2573 			 0.001962163512301992
 119.2574 			 0.001959481965723323
 119.25750000000001 			 0.0019568004179532908
 119.25760000000001 			 0.001954118868991713
 119.2577 			 0.0019514373188387667
 119.2578 			 0.0019487557674934869
 119.2579 			 0.0019460742149560635
 119.25800000000001 			 0.001943392661226302
 119.2581 			 0.0019407111063043817
 119.2582 			 0.0019380295501893392
 119.2583 			 0.0019353479928813661
 119.25840000000001 			 0.001932666434380264
 119.2585 			 0.0019299848746862094
 119.2586 			 0.001927303313798256
 119.2587 			 0.0019246217517165751
 119.25880000000001 			 0.0019219401884409781
 119.2589 			 0.0019192586239716414
 119.259 			 0.0019165770583076096
 119.2591 			 0.0019138954914490643
 119.2592 			 0.0019112139233958118
 119.25930000000001 			 0.0019085323541476532
 119.2594 			 0.0019058507837047744
 119.2595 			 0.0019031692120662141
 119.2596 			 0.0019004876392321537
 119.25970000000001 			 0.001897806065202392
 119.2598 			 0.0018951244899771285
 119.2599 			 0.0018924429135553898
 119.26 			 0.0018897613359373617
 119.26010000000001 			 0.0018870797571228525
 119.2602 			 0.0018843981771120408
 119.2603 			 0.0018817165959039714
 119.2604 			 0.0018790350134988275
 119.26050000000001 			 0.0018763534298964029
 119.2606 			 0.0018736718450968976
 119.2607 			 0.0018709902590993402
 119.2608 			 0.001868308671903914
 119.2609 			 0.0018656270835104274
 119.26100000000001 			 0.0018629454939186798
 119.2611 			 0.001860263903128858
 119.2612 			 0.0018575823111400002
 119.2613 			 0.0018549007179522914
 119.26140000000001 			 0.0018522191235655328
 119.2615 			 0.0018495375279799098
 119.2616 			 0.0018468559311944652
 119.2617 			 0.0018441743332093747
 119.26180000000001 			 0.0018414927340244512
 119.2619 			 0.0018388111336398705
 119.262 			 0.0018361295320546726
 119.2621 			 0.0018334479292690534
 119.2622 			 0.0018307663252828067
 119.26230000000001 			 0.0018280847200957272
 119.2624 			 0.0018254031137080145
 119.2625 			 0.0018227215061186982
 119.2626 			 0.001820039897327969
 119.26270000000001 			 0.0018173582873356282
 119.2628 			 0.0018146766761418485
 119.2629 			 0.0018119950637456887
 119.263 			 0.0018093134501473223
 119.26310000000001 			 0.0018066318353465532
 119.2632 			 0.0018039502193435638
 119.2633 			 0.001801268602137397
 119.2634 			 0.0017985869837282378
 119.26350000000001 			 0.001795905364115884
 119.2636 			 0.0017932237433005273
 119.2637 			 0.0017905421212811978
 119.2638 			 0.0017878604980580855
 119.2639 			 0.001785178873630999
 119.26400000000001 			 0.001782497247999733
 119.2641 			 0.001779815621164469
 119.2642 			 0.0017771339931242545
 119.2643 			 0.0017744523638792734
 119.26440000000001 			 0.0017717707334293183
 119.2645 			 0.0017690891017745846
 119.2646 			 0.001766407468914111
 119.2647 			 0.0017637258348480746
 119.26480000000001 			 0.0017610441995762826
 119.2649 			 0.001758362563098921
 119.265 			 0.001755680925415024
 119.2651 			 0.0017529992865247819
 119.26520000000001 			 0.001750317646427994
 119.26530000000001 			 0.0017476360051244648
 119.2654 			 0.0017449543626143766
 119.2655 			 0.0017422727188967679
 119.2656 			 0.0017395910739718314
 119.26570000000001 			 0.0017369094278393614
 119.2658 			 0.001734227780499542
 119.2659 			 0.0017315461319514177
 119.266 			 0.0017288644821951697
 119.26610000000001 			 0.0017261828312306027
 119.2662 			 0.0017235011790578973
 119.2663 			 0.0017208195256760905
 119.2664 			 0.001718137871085382
 119.26650000000001 			 0.0017154562152855617
 119.2666 			 0.0017127745582768091
 119.2667 			 0.0017100929000581774
 119.2668 			 0.0017074112406298449
 119.2669 			 0.0017047295799916093
 119.26700000000001 			 0.0017020479181432816
 119.2671 			 0.0016993662550850441
 119.2672 			 0.0016966845908159328
 119.2673 			 0.0016940029253361302
 119.26740000000001 			 0.001691321258645451
 119.2675 			 0.001688639590744064
 119.2676 			 0.0016859579216310198
 119.2677 			 0.001683276251306502
 119.26780000000001 			 0.0016805945797703037
 119.2679 			 0.0016779129070226139
 119.268 			 0.0016752312330624779
 119.2681 			 0.0016725495578900813
 119.26820000000001 			 0.0016698678815052184
 119.26830000000001 			 0.0016671862039076963
 119.2684 			 0.0016645045250976982
 119.2685 			 0.0016618228450742576
 119.2686 			 0.001659141163837571
 119.26870000000001 			 0.0016564594813874341
 119.2688 			 0.001653777797724032
 119.2689 			 0.0016510961128464023
 119.269 			 0.0016484144267547352
 119.26910000000001 			 0.0016457327394488312
 119.2692 			 0.001643051050928871
 119.2693 			 0.0016403693611938962
 119.2694 			 0.0016376876702440882
 119.26950000000001 			 0.0016350059780792553
 119.2696 			 0.0016323242846995848
 119.2697 			 0.0016296425901041053
 119.2698 			 0.0016269608942930099
 119.2699 			 0.001624279197266091
 119.27000000000001 			 0.0016215974990231626
 119.2701 			 0.0016189157995644046
 119.2702 			 0.001616234098888861
 119.2703 			 0.0016135523969967045
 119.27040000000001 			 0.0016108706938877484
 119.2705 			 0.0016081889895621776
 119.2706 			 0.0016055072840190266
 119.2707 			 0.0016028255772584743
 119.27080000000001 			 0.0016001438692803398
 119.2709 			 0.0015974621600847911
 119.271 			 0.001594780449670877
 119.2711 			 0.0015920987380387802
 119.27120000000001 			 0.0015894170251883005
 119.27130000000001 			 0.0015867353111192481
 119.2714 			 0.0015840535958317923
 119.2715 			 0.001581371879324988
 119.2716 			 0.0015786901615990137
 119.27170000000001 			 0.0015760084426536718
 119.2718 			 0.0015733267224891465
 119.2719 			 0.001570645001104476
 119.272 			 0.0015679632784998477
 119.27210000000001 			 0.0015652815546750658
 119.2722 			 0.0015625998296303107
 119.2723 			 0.0015599181033646241
 119.2724 			 0.001557236375878186
 119.27250000000001 			 0.0015545546471708053
 119.2726 			 0.0015518729172426652
 119.2727 			 0.0015491911860928019
 119.2728 			 0.0015465094537213983
 119.2729 			 0.0015438277201282671
 119.27300000000001 			 0.0015411459853131991
 119.2731 			 0.0015384642492763825
 119.2732 			 0.0015357825120168632
 119.2733 			 0.0015331007735348181
 119.27340000000001 			 0.0015304190338300513
 119.2735 			 0.0015277372929027517
 119.2736 			 0.001525055550751946
 119.2737 			 0.0015223738073778402
 119.27380000000001 			 0.001519692062780216
 119.2739 			 0.0015170103169592673
 119.274 			 0.0015143285699140388
 119.2741 			 0.001511646821644705
 119.27420000000001 			 0.001508965072151074
 119.27430000000001 			 0.0015062833214329419
 119.2744 			 0.0015036015694905012
 119.2745 			 0.0015009198163227883
 119.2746 			 0.0014982380619299835
 119.27470000000001 			 0.0014955563063119004
 119.2748 			 0.0014928745494687135
 119.2749 			 0.0014901927913994637
 119.275 			 0.0014875110321043426
 119.27510000000001 			 0.0014848292715831399
 119.2752 			 0.001482147509836049
 119.2753 			 0.0014794657468621148
 119.2754 			 0.001476783982661506
 119.27550000000001 			 0.001474102217234039
 119.2756 			 0.0014714204505798887
 119.2757 			 0.0014687386826981032
 119.2758 			 0.0014660569135888602
 119.27590000000001 			 0.0014633751432519616
 119.27600000000001 			 0.001460693371687219
 119.2761 			 0.0014580115988948076
 119.2762 			 0.0014553298248737726
 119.2763 			 0.001452648049624301
 119.27640000000001 			 0.0014499662731461797
 119.2765 			 0.001447284495439614
 119.2766 			 0.0014446027165036278
 119.2767 			 0.0014419209363384128
 119.27680000000001 			 0.0014392391549437695
 119.2769 			 0.0014365573723198817
 119.277 			 0.0014338755884657935
 119.2771 			 0.001431193803381684
 119.27720000000001 			 0.0014285120170673582
 119.27730000000001 			 0.001425830229522616
 119.2774 			 0.001423148440747643
 119.2775 			 0.0014204666507414874
 119.2776 			 0.0014177848595043222
 119.27770000000001 			 0.0014151030670359517
 119.2778 			 0.0014124212733365637
 119.2779 			 0.001409739478405196
 119.278 			 0.0014070576822420352
 119.27810000000001 			 0.0014043758848468774
 119.2782 			 0.0014016940862199144
 119.2783 			 0.0013990122863601843
 119.2784 			 0.001396330485267868
 119.27850000000001 			 0.0013936486829427743
 119.2786 			 0.0013909668793850808
 119.2787 			 0.0013882850745938298
 119.2788 			 0.0013856032685692068
 119.27890000000001 			 0.0013829214613110116
 119.27900000000001 			 0.0013802396528190496
 119.2791 			 0.001377557843093505
 119.2792 			 0.001374876032133419
 119.2793 			 0.0013721942199389728
 119.27940000000001 			 0.0013695124065099687
 119.2795 			 0.0013668305918465883
 119.2796 			 0.0013641487759478805
 119.2797 			 0.0013614669588140236
 119.27980000000001 			 0.0013587851404448202
 119.2799 			 0.001356103320840457
 119.28 			 0.0013534214999999712
 119.2801 			 0.0013507396779235492
 119.28020000000001 			 0.0013480578546109848
 119.28030000000001 			 0.0013453760300620968
 119.2804 			 0.0013426942042770583
 119.2805 			 0.0013400123772549142
 119.2806 			 0.0013373305489958395
 119.28070000000001 			 0.001334648719499647
 119.2808 			 0.0013319668887665174
 119.2809 			 0.0013292850567954977
 119.281 			 0.0013266032235867585
 119.28110000000001 			 0.0013239213891401075
 119.2812 			 0.0013212395534557319
 119.2813 			 0.0013185577165326715
 119.2814 			 0.0013158758783711091
 119.28150000000001 			 0.001313194038970845
 119.2816 			 0.001310512198332071
 119.2817 			 0.0013078303564538153
 119.2818 			 0.001305148513336276
 119.28190000000001 			 0.0013024666689792437
 119.28200000000001 			 0.0012997848233825256
 119.2821 			 0.0012971029765463053
 119.2822 			 0.001294421128469628
 119.2823 			 0.0012917392791526676
 119.28240000000001 			 0.0012890574285952365
 119.2825 			 0.0012863755767975155
 119.2826 			 0.0012836937237585438
 119.2827 			 0.0012810118694785032
 119.28280000000001 			 0.0012783300139572015
 119.2829 			 0.0012756481571948152
 119.283 			 0.001272966299190397
 119.2831 			 0.0012702844399441193
 119.28320000000001 			 0.0012676025794557896
 119.2833 			 0.0012649207177255904
 119.2834 			 0.0012622388547525593
 119.2835 			 0.001259556990536891
 119.2836 			 0.001256875125078376
 119.28370000000001 			 0.0012541932583768232
 119.2838 			 0.001251511390432412
 119.2839 			 0.0012488295212441936
 119.284 			 0.0012461476508123384
 119.28410000000001 			 0.0012434657791366563
 119.2842 			 0.001240783906217331
 119.2843 			 0.0012381020320533993
 119.2844 			 0.0012354201566450516
 119.28450000000001 			 0.0012327382799920841
 119.2846 			 0.0012300564020946826
 119.2847 			 0.0012273745229518895
 119.2848 			 0.0012246926425638867
 119.28490000000001 			 0.00122201076093048
 119.28500000000001 			 0.0012193288780514662
 119.2851 			 0.0012166469939270356
 119.2852 			 0.0012139651085562274
 119.2853 			 0.0012112832219392223
 119.28540000000001 			 0.001208601334075819
 119.2855 			 0.0012059194449662164
 119.2856 			 0.0012032375546094365
 119.2857 			 0.001200555663005679
 119.28580000000001 			 0.0011978737701547394
 119.2859 			 0.001195191876056796
 119.286 			 0.001192509980710903
 119.2861 			 0.001189828084117234
 119.28620000000001 			 0.0011871461862755918
 119.2863 			 0.001184464287186161
 119.2864 			 0.001181782386847988
 119.2865 			 0.0011791004852612496
 119.2866 			 0.0011764185824257585
 119.28670000000001 			 0.0011737366783413023
 119.2868 			 0.001171054773008079
 119.2869 			 0.0011683728664251174
 119.287 			 0.0011656909585926081
 119.28710000000001 			 0.0011630090495103548
 119.2872 			 0.0011603271391785396
 119.2873 			 0.0011576452275962015
 119.2874 			 0.001154963314763525
 119.28750000000001 			 0.0011522814006803162
 119.2876 			 0.0011495994853467511
 119.2877 			 0.0011469175687618821
 119.2878 			 0.001144235650925876
 119.28790000000001 			 0.001141553731838556
 119.28800000000001 			 0.0011388718114997065
 119.2881 			 0.0011361898899095244
 119.2882 			 0.0011335079670670436
 119.2883 			 0.0011308260429724532
 119.28840000000001 			 0.0011281441176255447
 119.2885 			 0.0011254621910265154
 119.2886 			 0.0011227802631743951
 119.2887 			 0.001120098334069377
 119.28880000000001 			 0.0011174164037112565
 119.2889 			 0.00111473447210022
 119.289 			 0.00111205253923531
 119.2891 			 0.001109370605116711
 119.28920000000001 			 0.0011066886697442204
 119.2893 			 0.001104006733118025
 119.2894 			 0.0011013247952371653
 119.2895 			 0.0010986428561018252
 119.28960000000001 			 0.0010959609157118072
 119.28970000000001 			 0.0010932789740669179
 119.2898 			 0.0010905970311673313
 119.2899 			 0.0010879150870120992
 119.29 			 0.0010852331416013976
 119.29010000000001 			 0.0010825511949350277
 119.2902 			 0.0010798692470131862
 119.2903 			 0.0010771872978348974
 119.2904 			 0.0010745053474003595
 119.29050000000001 			 0.0010718233957093639
 119.2906 			 0.0010691414427620994
 119.2907 			 0.0010664594885576096
 119.2908 			 0.0010637775330960709
 119.29090000000001 			 0.0010610955763772922
 119.29100000000001 			 0.0010584136184010721
 119.2911 			 0.0010557316591675964
 119.2912 			 0.0010530496986759074
 119.2913 			 0.0010503677369261837
 119.29140000000001 			 0.0010476857739182398
 119.2915 			 0.0010450038096522431
 119.2916 			 0.0010423218441272435
 119.2917 			 0.0010396398773434281
 119.29180000000001 			 0.0010369579093005914
 119.2919 			 0.0010342759399989197
 119.292 			 0.0010315939694374603
 119.2921 			 0.001028911997616384
 119.29220000000001 			 0.001026230024535507
 119.2923 			 0.0010235480501950037
 119.2924 			 0.0010208660745939198
 119.2925 			 0.0010181840977324386
 119.29260000000001 			 0.0010155021196103576
 119.29270000000001 			 0.0010128201402274893
 119.2928 			 0.0010101381595840101
 119.2929 			 0.001007456177678962
 119.293 			 0.0010047741945125247
 119.29310000000001 			 0.0010020922100845119
 119.2932 			 0.000999410224395095
 119.2933 			 0.0009967282374433253
 119.2934 			 0.000994046249229377
 119.29350000000001 			 0.0009913642597530604
 119.2936 			 0.0009886822690145566
 119.2937 			 0.000986000277012906
 119.2938 			 0.0009833182837482946
 119.29390000000001 			 0.0009806362892205202
 119.29400000000001 			 0.000977954293429386
 119.2941 			 0.0009752722963750856
 119.2942 			 0.0009725902980566457
 119.2943 			 0.0009699082984742578
 119.29440000000001 			 0.0009672262976277244
 119.2945 			 0.0009645442955172273
 119.2946 			 0.0009618622921418138
 119.2947 			 0.0009591802875016559
 119.29480000000001 			 0.0009564982815965667
 119.2949 			 0.0009538162744267217
 119.295 			 0.0009511342659911666
 119.2951 			 0.0009484522562900821
 119.29520000000001 			 0.0009457702453232795
 119.2953 			 0.0009430882330909275
 119.2954 			 0.0009404062195920796
 119.2955 			 0.0009377242048269171
 119.29560000000001 			 0.0009350421887952378
 119.29570000000001 			 0.0009323601714968514
 119.2958 			 0.0009296781529319361
 119.2959 			 0.0009269961330995322
 119.296 			 0.0009243141119998272
 119.29610000000001 			 0.0009216320896326217
 119.2962 			 0.0009189500659980977
 119.2963 			 0.0009162680410953028
 119.2964 			 0.0009135860149244114
 119.29650000000001 			 0.0009109039874852361
 119.2966 			 0.000908221958777953
 119.2967 			 0.000905539928801607
 119.2968 			 0.0009028578975563762
 119.29690000000001 			 0.000900175865042071
 119.29700000000001 			 0.0008974938312584868
 119.2971 			 0.0008948117962058163
 119.2972 			 0.0008921297598830875
 119.2973 			 0.0008894477222904986
 119.29740000000001 			 0.0008867656834278413
 119.2975 			 0.0008840836432953023
 119.2976 			 0.0008814016018919252
 119.2977 			 0.0008787195592178935
 119.29780000000001 			 0.0008760375152730065
 119.2979 			 0.0008733554700574502
 119.298 			 0.0008706734235702649
 119.2981 			 0.0008679913758116338
 119.29820000000001 			 0.0008653093267813589
 119.2983 			 0.0008626272764796279
 119.2984 			 0.0008599452249054777
 119.2985 			 0.0008572631720590905
 119.29860000000001 			 0.0008545811179402773
 119.29870000000001 			 0.0008518990625488303
 119.2988 			 0.000849217005884939
 119.2989 			 0.0008465349479476446
 119.299 			 0.0008438528887371251
 119.29910000000001 			 0.0008411708282531938
 119.2992 			 0.0008384887664960246
 119.2993 			 0.0008358067034646655
 119.2994 			 0.0008331246391592919
 119.29950000000001 			 0.0008304425735797172
 119.2996 			 0.0008277605067261159
 119.2997 			 0.0008250784385975268
 119.2998 			 0.0008223963691941503
 119.29990000000001 			 0.0008197142985157669
 119.30000000000001 			 0.0008170322265621967
 119.3001 			 0.000814350153333611
 119.3002 			 0.0008116680788290604
 119.30030000000001 			 0.0008089860030487265
 119.30040000000001 			 0.0008063039259924087
 119.3005 			 0.000803621847660292
 119.3006 			 0.0008009397680514142
 119.3007 			 0.000798257687165969
 119.30080000000001 			 0.0007955756050037426
 119.3009 			 0.0007928935215649394
 119.301 			 0.0007902114368485812
 119.3011 			 0.000787529350854861
 119.30120000000001 			 0.0007848472635835826
 119.3013 			 0.0007821651750349266
 119.3014 			 0.0007794830852079358
 119.3015 			 0.0007768009941027929
 119.30160000000001 			 0.0007741189017192928
 119.30170000000001 			 0.0007714368080572523
 119.3018 			 0.0007687547131168495
 119.3019 			 0.0007660726168971247
 119.302 			 0.0007633905193982559
 119.30210000000001 			 0.0007607084206200555
 119.3022 			 0.0007580263205627045
 119.3023 			 0.0007553442192252368
 119.3024 			 0.0007526621166078499
 119.30250000000001 			 0.0007499800127103272
 119.3026 			 0.0007472979075328687
 119.3027 			 0.0007446158010745069
 119.3028 			 0.0007419336933354336
 119.30290000000001 			 0.0007392515843154416
 119.303 			 0.0007365694740147226
 119.3031 			 0.0007338873624323144
 119.3032 			 0.000731205249568396
 119.30330000000001 			 0.0007285231354227746
 119.30340000000001 			 0.0007258410199952538
 119.3035 			 0.0007231589032860222
 119.3036 			 0.0007204767852941106
 119.3037 			 0.0007177946660197049
 119.30380000000001 			 0.0007151125454626122
 119.3039 			 0.0007124304236230107
 119.304 			 0.0007097483004999442
 119.3041 			 0.0007070661760935986
 119.30420000000001 			 0.0007043840504037732
 119.3043 			 0.0007017019234306557
 119.3044 			 0.0006990197951732821
 119.3045 			 0.000696337665631839
 119.30460000000001 			 0.0006936555348061287
 119.30470000000001 			 0.0006909734026959512
 119.3048 			 0.0006882912693014952
 119.3049 			 0.0006856091346217984
 119.305 			 0.000682926998657043
 119.30510000000001 			 0.0006802448614070373
 119.3052 			 0.0006775627228719567
 119.3053 			 0.0006748805830508536
 119.3054 			 0.0006721984419438941
 119.30550000000001 			 0.0006695162995509009
 119.3056 			 0.0006668341558720461
 119.3057 			 0.0006641520109063709
 119.3058 			 0.0006614698646540628
 119.30590000000001 			 0.0006587877171149222
 119.306 			 0.0006561055682891315
 119.3061 			 0.0006534234181757379
 119.3062 			 0.0006507412667749186
 119.30630000000001 			 0.0006480591140864748
 119.30640000000001 			 0.0006453769601102121
 119.3065 			 0.0006426948048463196
 119.3066 			 0.0006400126482938274
 119.3067 			 0.0006373304904529352
 119.30680000000001 			 0.000634648331323426
 119.3069 			 0.0006319661709054986
 119.307 			 0.0006292840091981829
 119.3071 			 0.0006266018462016727
 119.30720000000001 			 0.0006239196819157623
 119.3073 			 0.0006212375163406416
 119.3074 			 0.000618555349475353
 119.3075 			 0.0006158731813200665
 119.30760000000001 			 0.0006131910118746008
 119.30770000000001 			 0.0006105088411387526
 119.3078 			 0.0006078266691127043
 119.3079 			 0.0006051444957954953
 119.308 			 0.0006024623211873118
 119.30810000000001 			 0.000599780145287958
 119.3082 			 0.0005970979680976202
 119.3083 			 0.0005944157896153324
 119.3084 			 0.0005917336098412744
 119.30850000000001 			 0.0005890514287752604
 119.3086 			 0.0005863692464174712
 119.3087 			 0.000583687062766946
 119.3088 			 0.0005810048778238639
 119.30890000000001 			 0.0005783226915880358
 119.309 			 0.0005756405040596377
 119.3091 			 0.0005729583152377143
 119.3092 			 0.0005702761251224483
 119.30930000000001 			 0.000567593933713651
 119.30940000000001 			 0.0005649117410111098
 119.3095 			 0.00056222954701502
 119.3096 			 0.0005595473517244133
 119.3097 			 0.0005568651551394801
 119.30980000000001 			 0.0005541829572600264
 119.3099 			 0.000551500758086228
 119.31 			 0.0005488185576171259
 119.3101 			 0.0005461363558529078
 119.31020000000001 			 0.0005434541527933784
 119.3103 			 0.000540771948438713
 119.3104 			 0.0005380897427879606
 119.3105 			 0.0005354075358413038
 119.31060000000001 			 0.0005327253275985455
 119.31070000000001 			 0.0005300431180594805
 119.3108 			 0.0005273609072243035
 119.3109 			 0.0005246786950920445
 119.311 			 0.000521996481662898
 119.31110000000001 			 0.0005193142669366572
 119.3112 			 0.0005166320509135169
 119.3113 			 0.0005139498335925078
 119.3114 			 0.0005112676149738106
 119.31150000000001 			 0.0005085853950572446
 119.3116 			 0.0005059031738429774
 119.3117 			 0.0005032209513300556
 119.3118 			 0.0005005387275186666
 119.31190000000001 			 0.000497856502408604
 119.312 			 0.0004951742760000647
 119.3121 			 0.0004924920482920744
 119.3122 			 0.0004898098192848313
 119.31230000000001 			 0.0004871275889781301
 119.31240000000001 			 0.00048444535737176794
 119.3125 			 0.00048176312446594267
 119.3126 			 0.0004790808902596817
 119.3127 			 0.00047639865475318207
 119.31280000000001 			 0.00047371641794623285
 119.3129 			 0.00047103417983902524
 119.313 			 0.0004683519404306011
 119.3131 			 0.0004656696997211396
 119.31320000000001 			 0.00046298745771044424
 119.3133 			 0.00046030521439870294
 119.3134 			 0.0004576229697849557
 119.3135 			 0.00045494072386938173
 119.31360000000001 			 0.00045225847665177857
 119.31370000000001 			 0.0004495762281319691
 119.3138 			 0.000446893978310121
 119.3139 			 0.0004442117271852736
 119.31400000000001 			 0.00044152947475762164
 119.31410000000001 			 0.0004388472210269601
 119.3142 			 0.0004361649659934749
 119.3143 			 0.0004334827096562011
 119.3144 			 0.00043080045201533164
 119.31450000000001 			 0.0004281181930706658
 119.3146 			 0.00042543593282238877
 119.3147 			 0.0004227536712695355
 119.3148 			 0.0004200714084122937
 119.31490000000001 			 0.0004173891442504687
 119.315 			 0.00041470687878424154
 119.3151 			 0.0004120246120126513
 119.3152 			 0.0004093423439358832
 119.31530000000001 			 0.00040666007455374
 119.31540000000001 			 0.0004039778038660291
 119.3155 			 0.00040129553187292236
 119.3156 			 0.00039861325857346876
 119.3157 			 0.00039593098396785344
 119.31580000000001 			 0.00039324870805587664
 119.3159 			 0.00039056643083772163
 119.316 			 0.00038788415231243476
 119.3161 			 0.0003852018724801881
 119.31620000000001 			 0.0003825195913407975
 119.3163 			 0.00037983730889443504
 119.3164 			 0.0003771550251401444
 119.3165 			 0.000374472740078115
 119.31660000000001 			 0.00037179045370814976
 119.31670000000001 			 0.00036910816603004365
 119.3168 			 0.0003664258770439862
 119.3169 			 0.00036374358674901497
 119.31700000000001 			 0.00036106129514531154
 119.31710000000001 			 0.0003583790022326884
 119.3172 			 0.0003556967080113201
 119.3173 			 0.0003530144124802513
 119.3174 			 0.0003503321156396636
 119.31750000000001 			 0.0003476498174893633
 119.3176 			 0.00034496751802953556
 119.3177 			 0.00034228521725920917
 119.3178 			 0.00033960291517857804
 119.31790000000001 			 0.0003369206117874475
 119.318 			 0.00033423830708599584
 119.3181 			 0.00033155600107326316
 119.3182 			 0.0003288736937494363
 119.31830000000001 			 0.00032619138511431124
 119.31840000000001 			 0.0003235090751677021
 119.3185 			 0.00032082676390978446
 119.3186 			 0.00031814445133960195
 119.3187 			 0.0003154621374573327
 119.31880000000001 			 0.0003127798222627952
 119.3189 			 0.00031009750575614775
 119.319 			 0.00030741518793645645
 119.3191 			 0.00030473286880388734
 119.31920000000001 			 0.0003020505483582502
 119.3193 			 0.00029936822659973187
 119.3194 			 0.0002966859035273683
 119.3195 			 0.0002940035791413445
 119.31960000000001 			 0.0002913212534414651
 119.31970000000001 			 0.00028863892642753123
 119.3198 			 0.00028595659809972103
 119.3199 			 0.0002832742684570886
 119.32000000000001 			 0.00028059193749980165
 119.32010000000001 			 0.0002779096052276709
 119.3202 			 0.00027522727164089095
 119.3203 			 0.00027254493673848203
 119.3204 			 0.00026986260052063794
 119.32050000000001 			 0.0002671802629871641
 119.3206 			 0.0002644979241382396
 119.3207 			 0.0002618155839729089
 119.3208 			 0.00025913324249135375
 119.32090000000001 			 0.00025645089969337685
 119.321 			 0.00025376855557915557
 119.3211 			 0.00025108621014774234
 119.3212 			 0.0002484038633993125
 119.32130000000001 			 0.0002457215153336761
 119.32140000000001 			 0.00024303916595062706
 119.3215 			 0.00024035681525035854
 119.3216 			 0.00023767446323190105
 119.3217 			 0.00023499210989544754
 119.32180000000001 			 0.00023230975524079564
 119.3219 			 0.00022962739926813045
 119.322 			 0.00022694504197649134
 119.3221 			 0.0002242626833660625
 119.32220000000001 			 0.0002215803234366468
 119.3223 			 0.00021889796218842934
 119.3224 			 0.00021621559962045292
 119.3225 			 0.0002135332357328948
 119.32260000000001 			 0.0002108508705255648
 119.3227 			 0.00020816850399863848
 119.3228 			 0.00020548613615116644
 119.3229 			 0.0002028037669833225
 119.32300000000001 			 0.0002001213964949182
 119.32310000000001 			 0.00019743902468574858
 119.3232 			 0.00019475665155600222
 119.3233 			 0.00019207427710471675
 119.3234 			 0.00018939190133208155
 119.32350000000001 			 0.00018670952423789432
 119.3236 			 0.00018402714582233751
 119.3237 			 0.00018134476608446006
 119.3238 			 0.0001786623850244357
 119.32390000000001 			 0.00017598000264206734
 119.324 			 0.00017329761893755398
 119.3241 			 0.00017061523390991842
 119.3242 			 0.00016793284755935007
 119.32430000000001 			 0.00016525045988565623
 119.32440000000001 			 0.0001625680708886353
 119.3245 			 0.00015988568056846898
 119.3246 			 0.00015720328892420188
 119.3247 			 0.00015452089595602156
 119.32480000000001 			 0.00015183850166372405
 119.3249 			 0.00014915610604749176
 119.325 			 0.00014647370910637103
 119.3251 			 0.0001437913108405425
 119.32520000000001 			 0.0001411089112498109
 119.3253 			 0.0001384265103343561
 119.3254 			 0.00013574410809322513
 119.3255 			 0.00013306170452659282
 119.32560000000001 			 0.00013037929963427233
 119.3257 			 0.00012769689341644183
 119.3258 			 0.00012501448587213634
 119.3259 			 0.00012233207700154962
 119.32600000000001 			 0.00011964966680448198
 119.32610000000001 			 0.00011696725528073274
 119.3262 			 0.00011428484243049055
 119.3263 			 0.00011160242825278861
 119.3264 			 0.00010892001274782071
 119.32650000000001 			 0.00010623759591538016
 119.3266 			 0.00010355517775565291
 119.3267 			 0.00010087275826768784
 119.3268 			 0.00009819033745165876
 119.32690000000001 			 0.00009550791530737119
 119.327 			 0.00009282549183500922
 119.3271 			 0.00009014306703361754
 119.3272 			 0.0000874606409033699
 119.32730000000001 			 0.00008477821344408046
 119.32740000000001 			 0.00008209578465554688
 119.3275 			 0.00007941335453794643
 119.3276 			 0.00007673092309033146
 119.32770000000001 			 0.00007404849031287836
 119.32780000000001 			 0.00007136605620539702
 119.3279 			 0.00006868362076806382
 119.328 			 0.00006600118399991802
 119.3281 			 0.00006331874590115348
 119.32820000000001 			 0.0000606363064715643
 119.3283 			 0.00005795386571133393
 119.3284 			 0.00005527142361951119
 119.3285 			 0.00005258898019626901
 119.32860000000001 			 0.00004990653544141814
 119.3287 			 0.00004722408935513405
 119.3288 			 0.000044541641936466534
 119.3289 			 0.00004185919318560412
 119.32900000000001 			 0.00003917674310233235
 119.32910000000001 			 0.00003649429168646444
 119.3292 			 0.000033811838938182154
 119.3293 			 0.000031129384856529925
 119.3294 			 0.00002844692944168674
 119.32950000000001 			 0.000025764472693456388
 119.3296 			 0.000023082014612021368
 119.3297 			 0.00002039955519642533
 119.3298 			 0.000017717094446847285
 119.32990000000001 			 0.000015034632363099644
 119.33 			 0.000012352168945358872
 119.3301 			 0.000009669704192665092
 119.3302 			 0.000006987238105204305
 119.33030000000001 			 0.000004304770682778522
 119.33040000000001 			 0.0000016223019251888225
 119.3305 			 -0.0000010601681673787587
 119.3306 			 -0.0000037426395958788332
 119.33070000000001 			 -0.000006425112360136798
 119.33080000000001 			 -0.000009107586460345345
 119.3309 			 -0.000011790061896324667
 119.331 			 -0.000014472538669028446
 119.3311 			 -0.00001715501677827334
 119.33120000000001 			 -0.00001983749622425995
 119.3313 			 -0.000022519977006804028
 119.3314 			 -0.00002520245912686019
 119.3315 			 -0.000027884942584252068
 119.33160000000001 			 -0.00003056742737917238
 119.3317 			 -0.00003324991351143867
 119.3318 			 -0.00003593240098201166
 119.3319 			 -0.000038614889790700965
 119.33200000000001 			 -0.000041297379937710736
 119.33210000000001 			 -0.000043979871423235424
 119.3322 			 -0.00004666236424709083
 119.3323 			 -0.00004934485841024024
 119.3324 			 -0.00005202735391249772
 119.33250000000001 			 -0.00005470985075405774
 119.3326 			 -0.000057392348934742146
 119.3327 			 -0.000060074848455501245
 119.3328 			 -0.0000627573493161621
 119.33290000000001 			 -0.0000654398515169131
 119.333 			 -0.00006812235505757181
 119.3331 			 -0.00007080485993910501
 119.3332 			 -0.00007348736616132057
 119.33330000000001 			 -0.00007616987372442352
 119.33340000000001 			 -0.00007885238262860311
 119.3335 			 -0.000081534892873676
 119.3336 			 -0.00008421740446060723
 119.33370000000001 			 -0.00008689991738921517
 119.33380000000001 			 -0.0000895824316596865
 119.3339 			 -0.00009226494727184568
 119.334 			 -0.00009494746422664909
 119.3341 			 -0.00009762998252391074
 119.33420000000001 			 -0.00010031250216383383
 119.3343 			 -0.00010299502314622982
 119.3344 			 -0.00010567754547205674
 119.3345 			 -0.0001083600691411426
 119.33460000000001 			 -0.00011104259415366877
 119.3347 			 -0.00011372512050946334
 119.3348 			 -0.00011640764820947293
 119.3349 			 -0.00011909017725352563
 119.33500000000001 			 -0.00012177270764181584
 119.33510000000001 			 -0.0001244552393745364
 119.3352 			 -0.00012713777245150823
 119.3353 			 -0.00012982030687369128
 119.3354 			 -0.00013250284264089944
 119.33550000000001 			 -0.00013518537975332822
 119.3356 			 -0.00013786791821079585
 119.3357 			 -0.00014055045801426397
 119.3358 			 -0.00014323299916354582
 119.33590000000001 			 -0.0001459155416588428
 119.336 			 -0.00014859808549996196
 119.3361 			 -0.0001512806306878701
 119.3362 			 -0.00015396317722237953
 119.33630000000001 			 -0.00015664572510369428
 119.33640000000001 			 -0.00015932827433200544
 119.3365 			 -0.00016201082490712872
 119.3366 			 -0.00016469337683002925
 119.33670000000001 			 -0.0001673759301005149
 119.33680000000001 			 -0.00017005848471879066
 119.3369 			 -0.00017274104068466876
 119.337 			 -0.00017542359799910912
 119.3371 			 -0.00017810615666193004
 119.33720000000001 			 -0.00018078871667333128
 119.3373 			 -0.0001834712780331182
 119.3374 			 -0.000186153840742261
 119.3375 			 -0.00018883640480056336
 119.33760000000001 			 -0.0001915189702082423
 119.3377 			 -0.00019420153696510147
 119.3378 			 -0.00019688410507209028
 119.3379 			 -0.00019956667452904447
 119.33800000000001 			 -0.00020224924533615246
 119.33810000000001 			 -0.00020493181749361316
 119.3382 			 -0.00020761439100123877
 119.3383 			 -0.0002102969658599892
 119.33840000000001 			 -0.00021297954206969325
 119.33850000000001 			 -0.000215662119630528
 119.3386 			 -0.00021834469854232488
 119.3387 			 -0.00022102727880603858
 119.3388 			 -0.0002237098604214813
 119.33890000000001 			 -0.00022639244338885366
 119.339 			 -0.0002290750277079696
 119.3391 			 -0.00023175761337979528
 119.3392 			 -0.00023444020040414278
 119.33930000000001 			 -0.00023712278878120752
 119.33940000000001 			 -0.0002398053785111884
 119.3395 			 -0.0002424879695938986
 119.3396 			 -0.000245170562030304
 119.33970000000001 			 -0.00024785315582021423
 119.33980000000001 			 -0.0002505357509638343
 119.3399 			 -0.00025321834746097214
 119.34 			 -0.00025590094531259024
 119.3401 			 -0.00025858354451850684
 119.34020000000001 			 -0.00026126614507891575
 119.3403 			 -0.00026394874699363607
 119.3404 			 -0.0002666313502636277
 119.3405 			 -0.00026931395488870476
 119.34060000000001 			 -0.0002719965608690659
 119.3407 			 -0.00027467916820452437
 119.3408 			 -0.0002773617768960418
 119.3409 			 -0.0002800443869434366
 119.34100000000001 			 -0.00028272699834689877
 119.34110000000001 			 -0.00028540961110663343
 119.3412 			 -0.00028809222522245624
 119.3413 			 -0.00029077484069531923
 119.34140000000001 			 -0.00029345745752504596
 119.34150000000001 			 -0.00029614007571183184
 119.3416 			 -0.00029882269525549095
 119.3417 			 -0.00030150531615698393
 119.3418 			 -0.0003041879384161318
 119.34190000000001 			 -0.0003068705620331247
 119.342 			 -0.0003095531870077766
 119.3421 			 -0.00031223581334106047
 119.3422 			 -0.00031491844103277814
 119.34230000000001 			 -0.0003176010700831328
 119.3424 			 -0.0003202837004919403
 119.3425 			 -0.0003229663322601621
 119.3426 			 -0.00032564896538761045
 119.34270000000001 			 -0.00032833159987448696
 119.34280000000001 			 -0.00033101423572098524
 119.3429 			 -0.00033369687292692267
 119.343 			 -0.00033637951149325664
 119.3431 			 -0.0003390621514198089
 119.34320000000001 			 -0.0003417447927067697
 119.3433 			 -0.0003444274353539642
 119.3434 			 -0.000347110079362342
 119.3435 			 -0.00034979272473172486
 119.34360000000001 			 -0.00035247537146230817
 119.3437 			 -0.0003551580195539112
 119.3438 			 -0.0003578406690074885
 119.3439 			 -0.00036052331982285675
 119.34400000000001 			 -0.00036320597200022354
 119.34410000000001 			 -0.00036588862553977203
 119.3442 			 -0.00036857128044132575
 119.3443 			 -0.0003712539367058386
 119.34440000000001 			 -0.0003739365943331332
 119.34450000000001 			 -0.0003766192533234067
 119.3446 			 -0.0003793019136764687
 119.3447 			 -0.0003819845753932844
 119.3448 			 -0.00038466723847367125
 119.34490000000001 			 -0.00038734990291782286
 119.345 			 -0.0003900325687255532
 119.3451 			 -0.0003927152358978283
 119.3452 			 -0.00039539790443446045
 119.34530000000001 			 -0.00039808057433564494
 119.3454 			 -0.00040076324560120186
 119.3455 			 -0.0004034459182320886
 119.3456 			 -0.00040612859222811915
 119.34570000000001 			 -0.0004088112675894957
 119.34580000000001 			 -0.00041149394431641545
 119.3459 			 -0.0004141766224086959
 119.346 			 -0.0004168593018672822
 119.3461 			 -0.00041954198269200915
 119.34620000000001 			 -0.0004222246648830643
 119.3463 			 -0.0004249073484402643
 119.3464 			 -0.0004275900333645725
 119.3465 			 -0.00043027271965579767
 119.34660000000001 			 -0.00043295540731414823
 119.3467 			 -0.0004356380963394339
 119.3468 			 -0.00043832078673261186
 119.3469 			 -0.0004410034784935005
 119.34700000000001 			 -0.00044368617162229607
 119.34710000000001 			 -0.00044636886611919654
 119.3472 			 -0.0004490515619840221
 119.3473 			 -0.0004517342592177264
 119.34740000000001 			 -0.0004544169578201288
 119.34750000000001 			 -0.00045709965779142976
 119.3476 			 -0.0004597823591314356
 119.3477 			 -0.000462465061841113
 119.3478 			 -0.00046514776592027605
 119.34790000000001 			 -0.0004678304713691254
 119.348 			 -0.0004705131781874732
 119.3481 			 -0.0004731958863762769
 119.3482 			 -0.00047587859593535987
 119.34830000000001 			 -0.000478561306864915
 119.3484 			 -0.0004812440191647614
 119.3485 			 -0.00048392673283585035
 119.3486 			 -0.0004866094478780072
 119.34870000000001 			 -0.0004892921642914264
 119.34880000000001 			 -0.0004919748820763041
 119.3489 			 -0.0004946576012324562
 119.349 			 -0.0004973403217608426
 119.3491 			 -0.0005000230436612797
 119.34920000000001 			 -0.0005027057669339684
 119.3493 			 -0.0005053884915787154
 119.3494 			 -0.0005080712175964904
 119.3495 			 -0.0005107539449871022
 119.34960000000001 			 -0.0005134366737507529
 119.3497 			 -0.0005161194038872524
 119.3498 			 -0.000518802135397577
 119.3499 			 -0.0005214848682815172
 119.35000000000001 			 -0.0005241676025392894
 119.35010000000001 			 -0.0005268503381710836
 119.3502 			 -0.00052953307517672
 119.3503 			 -0.0005322158135571549
 119.35040000000001 			 -0.0005348985533122049
 119.35050000000001 			 -0.0005375812944420654
 119.3506 			 -0.0005402640369465548
 119.3507 			 -0.0005429467808266357
 119.3508 			 -0.0005456295260821141
 119.35090000000001 			 -0.0005483122727131985
 119.351 			 -0.000550995020719702
 119.3511 			 -0.0005536777701025836
 119.3512 			 -0.0005563605208616538
 119.35130000000001 			 -0.0005590432729971186
 119.3514 			 -0.0005617260265087875
 119.3515 			 -0.0005644087813976229
 119.3516 			 -0.00056709153766344
 119.35170000000001 			 -0.0005697742953064389
 119.35180000000001 			 -0.0005724570543268129
 119.3519 			 -0.0005751398147243817
 119.352 			 -0.0005778225765001028
 119.35210000000001 			 -0.0005805053396537919
 119.35220000000001 			 -0.0005831881041856469
 119.3523 			 -0.0005858708700954844
 119.3524 			 -0.0005885536373842635
 119.3525 			 -0.0005912364060518026
 119.35260000000001 			 -0.0005939191760982892
 119.3527 			 -0.0005966019475235598
 119.3528 			 -0.0005992847203285546
 119.3529 			 -0.0006019674945130933
 119.35300000000001 			 -0.00060465027007738
 119.35310000000001 			 -0.0006073330470216087
 119.3532 			 -0.0006100158253455896
 119.3533 			 -0.0006126986050502932
 119.35340000000001 			 -0.0006153813861355282
 119.35350000000001 			 -0.0006180641686014927
 119.3536 			 -0.0006207469524480021
 119.3537 			 -0.0006234297376760211
 119.3538 			 -0.0006261125242853616
 119.35390000000001 			 -0.0006287953122762158
 119.354 			 -0.000631478101648414
 119.3541 			 -0.0006341608924029056
 119.3542 			 -0.0006368436845395083
 119.35430000000001 			 -0.0006395264780584183
 119.3544 			 -0.0006422092729594529
 119.3545 			 -0.0006448920692435705
 119.3546 			 -0.0006475748669105927
 119.35470000000001 			 -0.0006502576659607107
 119.35480000000001 			 -0.0006529404663941225
 119.3549 			 -0.0006556232682106462
 119.355 			 -0.0006583060714112359
 119.35510000000001 			 -0.0006609888759957194
 119.35520000000001 			 -0.0006636716819642858
 119.3553 			 -0.0006663544893167487
 119.3554 			 -0.0006690372980540735
 119.3555 			 -0.0006717201081760738
 119.35560000000001 			 -0.0006744029196829456
 119.3557 			 -0.000677085732574509
 119.3558 			 -0.0006797685468517188
 119.3559 			 -0.0006824513625143994
 119.35600000000001 			 -0.0006851341795627357
 119.35610000000001 			 -0.0006878169979969308
 119.3562 			 -0.0006904998178168024
 119.3563 			 -0.0006931826390233146
 119.35640000000001 			 -0.0006958654616162702
 119.35650000000001 			 -0.0006985482855958775
 119.3566 			 -0.0007012311109619505
 119.3567 			 -0.0007039139377154474
 119.3568 			 -0.0007065967658561857
 119.35690000000001 			 -0.000709279595384359
 119.357 			 -0.0007119624262997901
 119.3571 			 -0.0007146452586034275
 119.3572 			 -0.0007173280922950964
 119.35730000000001 			 -0.0007200109273749923
 119.3574 			 -0.00072269376384293
 119.3575 			 -0.0007253766016998731
 119.3576 			 -0.0007280594409456362
 119.35770000000001 			 -0.0007307422815804078
 119.35780000000001 			 -0.0007334251236043972
 119.3579 			 -0.0007361079670174167
 119.358 			 -0.0007387908118204218
 119.35810000000001 			 -0.0007414736580132344
 119.35820000000001 			 -0.0007441565055960445
 119.3583 			 -0.0007468393545686766
 119.3584 			 -0.0007495222049320829
 119.3585 			 -0.0007522050566860877
 119.35860000000001 			 -0.0007548879098308777
 119.3587 			 -0.0007575707643662817
 119.3588 			 -0.0007602536202932448
 119.3589 			 -0.0007629364776115968
 119.35900000000001 			 -0.0007656193363215258
 119.35910000000001 			 -0.0007683021964232353
 119.3592 			 -0.0007709850579165331
 119.3593 			 -0.000773667920802392
 119.35940000000001 			 -0.0007763507850806106
 119.35950000000001 			 -0.0007790336507513999
 119.3596 			 -0.0007817165178145711
 119.3597 			 -0.0007843993862710859
 119.3598 			 -0.0007870822561207593
 119.35990000000001 			 -0.000789765127363783
 119.36 			 -0.0007924479999999824
 119.3601 			 -0.0007951308740303149
 119.3602 			 -0.0007978137494545909
 119.36030000000001 			 -0.0008004966262730145
 119.3604 			 -0.0008031795044853936
 119.3605 			 -0.0008058623840926993
 119.3606 			 -0.0008085452650947371
 119.36070000000001 			 -0.0008112281474917118
 119.36080000000001 			 -0.0008139110312838162
 119.3609 			 -0.0008165939164708644
 119.361 			 -0.0008192768030538274
 119.36110000000001 			 -0.0008219596910325037
 119.36120000000001 			 -0.0008246425804071017
 119.3613 			 -0.0008273254711774398
 119.3614 			 -0.0008300083633444673
 119.3615 			 -0.0008326912569080148
 119.36160000000001 			 -0.0008353741518682681
 119.3617 			 -0.0008380570482250457
 119.3618 			 -0.0008407399459793037
 119.3619 			 -0.0008434228451308695
 119.36200000000001 			 -0.0008461057456799278
 119.3621 			 -0.0008487886476263031
 119.3622 			 -0.0008514715509709544
 119.3623 			 -0.0008541544557136871
 119.36240000000001 			 -0.0008568373618547156
 119.36250000000001 			 -0.0008595202693942241
 119.3626 			 -0.000862203178332036
 119.3627 			 -0.0008648860886691078
 119.36280000000001 			 -0.0008675690004052525
 119.36290000000001 			 -0.000870251913540671
 119.363 			 -0.0008729348280751867
 119.3631 			 -0.0008756177440097419
 119.3632 			 -0.0008783006613441623
 119.36330000000001 			 -0.0008809835800786569
 119.3634 			 -0.0008836665002130163
 119.3635 			 -0.0008863494217482186
 119.3636 			 -0.0008890323446840814
 119.36370000000001 			 -0.0008917152690207869
 119.36380000000001 			 -0.0008943981947585436
 119.3639 			 -0.0008970811218971656
 119.364 			 -0.0008997640504376169
 119.36410000000001 			 -0.000902446980379704
 119.36420000000001 			 -0.000905129911723628
 119.3643 			 -0.0009078128444692101
 119.3644 			 -0.0009104957786174048
 119.3645 			 -0.000913178714168028
 119.36460000000001 			 -0.000915861651121276
 119.3647 			 -0.0009185445894769678
 119.3648 			 -0.0009212275292360642
 119.3649 			 -0.000923910470398375
 119.36500000000001 			 -0.000926593412964112
 119.3651 			 -0.0009292763569330744
 119.3652 			 -0.0009319593023062292
 119.3653 			 -0.0009346422490833877
 119.36540000000001 			 -0.0009373251972647582
 119.36550000000001 			 -0.0009400081468505283
 119.3656 			 -0.0009426910978405139
 119.3657 			 -0.0009453740502356799
 119.36580000000001 			 -0.0009480570040358448
 119.36590000000001 			 -0.0009507399592411943
 119.366 			 -0.000953422915851553
 119.3661 			 -0.000956105873867879
 119.3662 			 -0.0009587888332899896
 119.36630000000001 			 -0.0009614717941180751
 119.3664 			 -0.0009641547563519633
 119.3665 			 -0.0009668377199926118
 119.3666 			 -0.0009695206850398238
 119.36670000000001 			 -0.0009722036514938071
 119.36680000000001 			 -0.0009748866193547569
 119.3669 			 -0.0009775695886224908
 119.367 			 -0.0009802525592979747
 119.36710000000001 			 -0.0009829355313810079
 119.36720000000001 			 -0.000985618504871797
 119.3673 			 -0.000988301479770157
 119.3674 			 -0.0009909844560770536
 119.3675 			 -0.000993667433792296
 119.36760000000001 			 -0.0009963504129160863
 119.3677 			 -0.000999033393448233
 119.3678 			 -0.001001716375389699
 119.3679 			 -0.0010043993587403079
 119.36800000000001 			 -0.0010070823435002461
 119.3681 			 -0.0010097653296693347
 119.3682 			 -0.0010124483172485362
 119.3683 			 -0.001015131306237664
 119.36840000000001 			 -0.0010178142966369103
 119.36850000000001 			 -0.0010204972884464785
 119.3686 			 -0.001023180281666182
 119.3687 			 -0.0010258632762969796
 119.36880000000001 			 -0.001028546272338695
 119.36890000000001 			 -0.0010312292697915208
 119.369 			 -0.0010339122686552694
 119.3691 			 -0.0010365952689308996
 119.3692 			 -0.0010392782706182345
 119.36930000000001 			 -0.0010419612737174663
 119.3694 			 -0.0010446442782284105
 119.3695 			 -0.0010473272841520344
 119.3696 			 -0.001050010291488148
 119.36970000000001 			 -0.0010526933002369487
 119.36980000000001 			 -0.0010553763103986274
 119.3699 			 -0.0010580593219730113
 119.37 			 -0.0010607423349610608
 119.37010000000001 			 -0.001063425349362581
 119.37020000000001 			 -0.0010661083651777768
 119.3703 			 -0.0010687913824064632
 119.3704 			 -0.0010714744010495957
 119.3705 			 -0.0010741574211069996
 119.37060000000001 			 -0.0010768404425788624
 119.3707 			 -0.0010795234654650033
 119.3708 			 -0.0010822064897663833
 119.3709 			 -0.0010848895154828187
 119.37100000000001 			 -0.0010875725426145102
 119.3711 			 -0.0010902555711612633
 119.3712 			 -0.001092938601124048
 119.3713 			 -0.0010956216325026741
 119.37140000000001 			 -0.0010983046652973405
 119.37150000000001 			 -0.0011009876995082453
 119.3716 			 -0.001103670735135211
 119.3717 			 -0.0011063537721791852
 119.37180000000001 			 -0.0011090368106399873
 119.37190000000001 			 -0.0011117198505178206
 119.372 			 -0.001114402891812498
 119.3721 			 -0.0011170859345249744
 119.3722 			 -0.001119768978655075
 119.37230000000001 			 -0.0011224520242029883
 119.3724 			 -0.0011251350711685342
 119.3725 			 -0.0011278181195526745
 119.3726 			 -0.0011305011693552203
 119.37270000000001 			 -0.0011331842205763727
 119.37280000000001 			 -0.0011358672732163294
 119.3729 			 -0.0011385503272749035
 119.373 			 -0.0011412333827530538
 119.37310000000001 			 -0.0011439164396506026
 119.37320000000001 			 -0.00114659949796774
 119.3733 			 -0.001149282557704286
 119.3734 			 -0.0011519656188612045
 119.3735 			 -0.0011546486814382985
 119.37360000000001 			 -0.001157331745435779
 119.3737 			 -0.0011600148108534506
 119.3738 			 -0.001162697877692286
 119.3739 			 -0.0011653809459520907
 119.37400000000001 			 -0.0011680640156330622
 119.3741 			 -0.0011707470867350239
 119.3742 			 -0.0011734301592589327
 119.3743 			 -0.001176113233204601
 119.37440000000001 			 -0.001178796308572229
 119.37450000000001 			 -0.0011814793853620108
 119.3746 			 -0.0011841624635737706
 119.3747 			 -0.0011868455432084563
 119.37480000000001 			 -0.0011895286242658905
 119.37490000000001 			 -0.0011922117067462738
 119.375 			 -0.0011948947906494148
 119.3751 			 -0.001197577875976278
 119.3752 			 -0.0012002609627266758
 119.37530000000001 			 -0.0012029440509008127
 119.3754 			 -0.0012056271404984975
 119.3755 			 -0.0012083102315206924
 119.3756 			 -0.001210993323967215
 119.37570000000001 			 -0.0012136764178382606
 119.37580000000001 			 -0.0012163595131340257
 119.3759 			 -0.0012190426098543296
 119.376 			 -0.0012217257080001283
 119.37610000000001 			 -0.0012244088075712386
 119.37620000000001 			 -0.0012270919085678599
 119.3763 			 -0.0012297750109898041
 119.3764 			 -0.00123245811483804
 119.37650000000001 			 -0.0012351412201123747
 119.37660000000001 			 -0.0012378243268130068
 119.3767 			 -0.0012405074349397549
 119.3768 			 -0.001243190544493576
 119.3769 			 -0.0012458736554742888
 119.37700000000001 			 -0.0012485567678820928
 119.3771 			 -0.0012512398817168021
 119.3772 			 -0.0012539229969793669
 119.3773 			 -0.0012566061136696162
 119.37740000000001 			 -0.0012592892317877399
 119.37750000000001 			 -0.0012619723513339353
 119.3776 			 -0.0012646554723080266
 119.3777 			 -0.0012673385947109654
 119.37780000000001 			 -0.0012700217185425706
 119.37790000000001 			 -0.0012727048438030428
 119.378 			 -0.00127538797049219
 119.3781 			 -0.0012780710986109757
 119.3782 			 -0.0012807542281592199
 119.37830000000001 			 -0.0012834373591371151
 119.3784 			 -0.0012861204915444783
 119.3785 			 -0.00128880362538227
 119.3786 			 -0.0012914867606503052
 119.37870000000001 			 -0.0012941698973487803
 119.37880000000001 			 -0.0012968530354778973
 119.3789 			 -0.0012995361750374693
 119.379 			 -0.001302219316028453
 119.37910000000001 			 -0.0013049024584506658
 119.37920000000001 			 -0.0013075856023043076
 119.3793 			 -0.0013102687475891979
 119.3794 			 -0.001312951894306285
 119.37950000000001 			 -0.0013156350424553948
 119.37960000000001 			 -0.0013183181920367203
 119.3797 			 -0.001321001343050082
 119.3798 			 -0.0013236844954964335
 119.3799 			 -0.0013263676493755934
 119.38000000000001 			 -0.0013290508046877592
 119.3801 			 -0.0013317339614327447
 119.3802 			 -0.0013344171196115204
 119.3803 			 -0.0013371002792238861
 119.38040000000001 			 -0.0013397834402700444
 119.38050000000001 			 -0.0013424666027502012
 119.3806 			 -0.0013451497666641648
 119.3807 			 -0.0013478329320128957
 119.38080000000001 			 -0.0013505160987962058
 119.38090000000001 			 -0.001353199267014306
 119.381 			 -0.0013558824366669984
 119.3811 			 -0.001358565607755249
 119.3812 			 -0.0013612487802788743
 119.38130000000001 			 -0.0013639319542380654
 119.3814 			 -0.001366615129632643
 119.3815 			 -0.001369298306463569
 119.3816 			 -0.0013719814847306584
 119.38170000000001 			 -0.0013746646644341046
 119.3818 			 -0.0013773478455737283
 119.3819 			 -0.0013800310281504855
 119.382 			 -0.0013827142121641998
 119.38210000000001 			 -0.0013853973976150548
 119.38220000000001 			 -0.0013880805845032558
 119.3823 			 -0.001390763772828622
 119.3824 			 -0.0013934469625921087
 119.38250000000001 			 -0.0013961301537935339
 119.38260000000001 			 -0.001398813346433095
 119.3827 			 -0.0014014965405105976
 119.3828 			 -0.0014041797360270197
 119.3829 			 -0.0014068629329821703
 119.38300000000001 			 -0.0014095461313762378
 119.3831 			 -0.0014122293312090499
 119.3832 			 -0.001414912532481558
 119.3833 			 -0.0014175957351935855
 119.38340000000001 			 -0.0014202789393453217
 119.38350000000001 			 -0.001422962144936971
 119.3836 			 -0.0014256453519683444
 119.3837 			 -0.0014283285604404054
 119.38380000000001 			 -0.001431011770352969
 119.38390000000001 			 -0.0014336949817062355
 119.384 			 -0.0014363781945000078
 119.3841 			 -0.0014390614087352624
 119.3842 			 -0.0014417446244118035
 119.38430000000001 			 -0.0014444278415298379
 119.3844 			 -0.0014471110600891674
 119.3845 			 -0.0014497942800907704
 119.3846 			 -0.0014524775015344491
 119.38470000000001 			 -0.0014551607244204083
 119.3848 			 -0.001457843948748461
 119.3849 			 -0.0014605271745195627
 119.385 			 -0.001463210401733536
 119.38510000000001 			 -0.0014658936303905748
 119.38520000000001 			 -0.0014685768604908761
 119.3853 			 -0.0014712600920342561
 119.3854 			 -0.0014739433250216818
 119.38550000000001 			 -0.0014766265594529592
 119.38560000000001 			 -0.0014793097953282926
 119.3857 			 -0.0014819930326474904
 119.3858 			 -0.0014846762714115158
 119.3859 			 -0.0014873595116201908
 119.38600000000001 			 -0.001490042753273705
 119.3861 			 -0.0014927259963718757
 119.3862 			 -0.0014954092409156623
 119.3863 			 -0.0014980924869048861
 119.38640000000001 			 -0.0015007757343397422
 119.38650000000001 			 -0.0015034589832204237
 119.3866 			 -0.0015061422335467475
 119.3867 			 -0.0015088254853196778
 119.38680000000001 			 -0.0015115087385390244
 119.38690000000001 			 -0.0015141919932049944
 119.387 			 -0.001516875249317396
 119.3871 			 -0.0015195585068771868
 119.3872 			 -0.0015222417658841889
 119.38730000000001 			 -0.0015249250263385963
 119.3874 			 -0.001527608288240228
 119.3875 			 -0.0015302915515900443
 119.3876 			 -0.0015329748163878517
 119.38770000000001 			 -0.001535658082633859
 119.3878 			 -0.0015383413503278782
 119.3879 			 -0.001541024619470866
 119.388 			 -0.0015437078900626398
 119.38810000000001 			 -0.0015463911621034002
 119.38820000000001 			 -0.0015490744355933363
 119.3883 			 -0.0015517577105322812
 119.3884 			 -0.0015544409869211735
 119.38850000000001 			 -0.0015571242647598475
 119.38860000000001 			 -0.0015598075440484895
 119.3887 			 -0.0015624908247869184
 119.3888 			 -0.00156517410697609
 119.3889 			 -0.0015678573906158302
 119.38900000000001 			 -0.0015705406757063243
 119.3891 			 -0.0015732239622473945
 119.3892 			 -0.001575907250240002
 119.3893 			 -0.001578590539683964
 119.38940000000001 			 -0.0015812738305794698
 119.38950000000001 			 -0.0015839571229267265
 119.3896 			 -0.0015866404167255378
 119.3897 			 -0.0015893237119768765
 119.38980000000001 			 -0.0015920070086805572
 119.38990000000001 			 -0.001594690306836763
 119.39 			 -0.0015973736064453304
 119.3901 			 -0.001600056907507203
 119.39020000000001 			 -0.001602740210022206
 119.39030000000001 			 -0.0016054235139905289
 119.3904 			 -0.0016081068194119899
 119.3905 			 -0.0016107901262875565
 119.3906 			 -0.0016134734346170362
 119.39070000000001 			 -0.0016161567444006291
 119.3908 			 -0.0016188400556381528
 119.3909 			 -0.0016215233683305632
 119.391 			 -0.0016242066824776844
 119.39110000000001 			 -0.0016268899980797008
 119.39120000000001 			 -0.001629573315136822
 119.3913 			 -0.001632256633648859
 119.3914 			 -0.0016349399536167647
 119.39150000000001 			 -0.0016376232750403676
 119.39160000000001 			 -0.001640306597919859
 119.3917 			 -0.0016429899222550552
 119.3918 			 -0.001645673248046914
 119.3919 			 -0.001648356575295254
 119.39200000000001 			 -0.0016510399040002694
 119.3921 			 -0.0016537232341617808
 119.3922 			 -0.0016564065657807482
 119.3923 			 -0.0016590898988569805
 119.39240000000001 			 -0.0016617732333906814
 119.39250000000001 			 -0.0016644565693820486
 119.3926 			 -0.0016671399068308955
 119.3927 			 -0.0016698232457381798
 119.39280000000001 			 -0.001672506586103723
 119.39290000000001 			 -0.0016751899279277165
 119.393 			 -0.0016778732712099784
 119.3931 			 -0.0016805566159514695
 119.39320000000001 			 -0.0016832399621520065
 119.39330000000001 			 -0.0016859233098117864
 119.3934 			 -0.001688606658930625
 119.3935 			 -0.0016912900095094813
 119.3936 			 -0.0016939733615481693
 119.39370000000001 			 -0.0016966567150468912
 119.3938 			 -0.0016993400700054623
 119.3939 			 -0.0017020234264248377
 119.394 			 -0.0017047067843048316
 119.39410000000001 			 -0.0017073901436456531
 119.39420000000001 			 -0.0017100735044474876
 119.3943 			 -0.0017127568667101554
 119.3944 			 -0.001715440230434623
 119.39450000000001 			 -0.001718123595620693
 119.39460000000001 			 -0.0017208069622685746
 119.3947 			 -0.0017234903303780737
 119.3948 			 -0.001726173699950156
 119.3949 			 -0.001728857070984642
 119.39500000000001 			 -0.0017315404434817222
 119.3951 			 -0.0017342238174412094
 119.3952 			 -0.0017369071928640715
 119.3953 			 -0.0017395905697501215
 119.39540000000001 			 -0.0017422739480995543
 119.39550000000001 			 -0.0017449573279125733
 119.3956 			 -0.0017476407091889835
 119.3957 			 -0.001750324091929754
 119.39580000000001 			 -0.0017530074761346976
 119.39590000000001 			 -0.001755690861804016
 119.396 			 -0.0017583742489375226
 119.3961 			 -0.0017610576375361679
 119.39620000000001 			 -0.0017637410275997839
 119.39630000000001 			 -0.0017664244191285608
 119.3964 			 -0.0017691078121223074
 119.3965 			 -0.0017717912065819956
 119.3966 			 -0.0017744746025074314
 119.39670000000001 			 -0.0017771579998988188
 119.3968 			 -0.0017798413987559706
 119.3969 			 -0.0017825247990798459
 119.397 			 -0.0017852082008702644
 119.39710000000001 			 -0.0017878916041274217
 119.39720000000001 			 -0.0017905750088515126
 119.3973 			 -0.001793258415042359
 119.3974 			 -0.0017959418227009164
 119.39750000000001 			 -0.0017986252318269976
 119.39760000000001 			 -0.0018013086424208023
 119.3977 			 -0.0018039920544821479
 119.3978 			 -0.0018066754680120005
 119.3979 			 -0.0018093588830101611
 119.39800000000001 			 -0.0018120422994768381
 119.3981 			 -0.001814725717411847
 119.3982 			 -0.0018174091368161464
 119.3983 			 -0.0018200925576895475
 119.39840000000001 			 -0.0018227759800322515
 119.39850000000001 			 -0.0018254594038444557
 119.3986 			 -0.0018281428291259793
 119.3987 			 -0.0018308262558777739
 119.39880000000001 			 -0.0018335096840996668
 119.39890000000001 			 -0.0018361931137918397
 119.399 			 -0.0018388765449541258
 119.3991 			 -0.0018415599775874728
 119.39920000000001 			 -0.0018442434116917024
 119.39930000000001 			 -0.00184692684726701
 119.3994 			 -0.0018496102843132123
 119.3995 			 -0.0018522937228312641
 119.3996 			 -0.0018549771628209898
 119.39970000000001 			 -0.0018576606042825829
 119.3998 			 -0.0018603440472158578
 119.3999 			 -0.0018630274916217762
 119.4 			 -0.00186571093750015
