 1.5 3.532
 1.5858585858585859 -49.83708129262168
 1.6717171717171717 -58.23874326450845
 1.7575757575757576 -46.917489561158405
 1.8434343434343434 -29.942413495487887
 1.9292929292929293 -14.31465050002323
 2.015151515151515 -2.7960563203233746
 2.101010101010101 4.201476441154869
 2.186868686868687 7.403321844732201
 2.2727272727272725 7.935354717182601
 2.358585858585858 6.9121766014448225
 2.4444444444444438 5.238863477196421
 2.5303030303030294 3.545702801532708
 2.616161616161615 2.199304598096868
 2.7020202020202007 1.3516638869369841
 2.7878787878787863 1.0023244390076074
 2.873737373737372 1.058682083693068
 2.9595959595959576 1.386455665627066
 3.045454545454543 1.84710020910241
 3.131313131313129 2.3219804159169257
 3.2171717171717145 2.724904466795337
 3.3030303030303 3.005493735765625
 3.3888888888888857 3.1461156687125733
 3.4747474747474714 3.154954701210469
 3.560606060606057 3.0574073520011518
 3.6464646464646426 2.8874866638312127
 3.7323232323232283 2.6803963743960906
 3.818181818181814 2.466946089338019
 3.9040404040403995 2.2700618600600433
 3.989898989898985 2.103320719335458
 4.075757575757571 1.9712083026259124
 4.161616161616156 1.8706614525394518
 4.247474747474742 1.7934019246544208
 4.333333333333328 1.728578294898249
 4.419191919191913 1.665294341645354
 4.505050505050499 1.5946967103187148
 4.590909090909085 1.5114067020229145
 4.67676767676767 1.414196544759716
 4.762626262626256 1.305917916520106
 4.8484848484848415 1.1927809535182987
 4.934343434343427 1.0831495094290826
 5.020202020202013 0.9860598331088638
 5.106060606060598 0.909684475443608
 5.191919191919184 0.85995274356114
 5.27777777777777 0.8395068658552294
 5.363636363636355 0.8471240871691198
 5.449494949494941 0.8776749777131387
 5.535353535353527 0.9226235566276861
 5.621212121212112 0.9710116342443775
 5.707070707070698 1.0108138632906172
 5.7929292929292835 1.0305063479579784
 5.878787878787869 1.0206641637074632
 5.964646464646455 0.9753943107720966
 6.05050505050504 0.893421475082422
 6.136363636363626 0.7786739413927615
 6.222222222222212 0.6402639787992712
 6.308080808080797 0.4918174342540462
 6.393939393939383 0.3501763042189916
 6.479797979797969 0.23356990216489226
 6.565656565656554 0.15941845148714817
 6.65151515151514 0.1419908215950403
 6.7373737373737255 0.19017921308796745
 6.823232323232311 0.30567210406296985
 6.909090909090897 0.4817981022637669
 6.994949494949482 0.7032745949081555
 7.080808080808068 0.9470254748533979
 7.166666666666654 1.1841335118706553
 7.252525252525239 1.3828697486902293
 7.338383838383825 1.5126023033936635
 7.4242424242424105 1.5482409240814667
 7.510101010100996 1.4747353027757428
 7.595959595959582 1.2910308462826041
 7.6818181818181674 1.0128136229793223
 7.767676767676753 0.6733658823197655
 7.853535353535339 0.32192392966511163
 7.939393939393924 0.019098302459422758
 8.02525252525251 -0.170804943180133
 8.111111111111097 -0.19032736809372772
 8.196969696969683 -0.0015227666689457981
 8.28282828282827 0.40060303321557245
 8.368686868686856 0.9758852668843134
 8.454545454545443 1.630694209095661
 8.54040404040403 2.2167657323562016
 8.626262626262616 2.540752341991355
 8.712121212121202 2.3880348548841632
 8.797979797979789 1.563672752749807
 8.883838383838375 -0.04820005366616918
 8.969696969696962 -2.40807414146889
 9.055555555555548 -5.233975272722965
 9.141414141414135 -7.916568080759668
 9.227272727272721 -9.459259833307948
 9.313131313131308 -8.479708422892305
 9.398989898989894 -3.3274697900634327
 9.48484848484848 7.603278390759898
 9.570707070707067 25.25559518825623
 9.656565656565654 48.83571495082635
 9.74242424242424 74.08184854151244
 9.828282828282827 90.61128638247672
 9.914141414141413 78.00289193154853
 10. 0.176
