   2.0000000000000000        101.00000000000000     
   1.9848484848484849        90.448531287734227     
   1.9696969696969697        85.126378096828503     
   1.9545454545454546        83.545164993441247     
   1.9393939393939394        84.520949391411435     
   1.9242424242424243        87.128357889139906     
   1.9090909090909092        90.659748392666017     
   1.8939393939393940        94.589016008774394     
   1.8787878787878789        98.539678819192460     
   1.8636363636363638        102.25689736739766     
   1.8484848484848486        105.58309900328180     
   1.8333333333333335        108.43689513786740     
   1.8181818181818183        110.79499596049087     
   1.8030303030303032        112.67684326432416     
   1.7878787878787881        114.13169771280349     
   1.7727272727272729        115.22793215949325     
   1.7575757575757578        116.04429750710796     
   1.7424242424242427        116.66294205786178     
   1.7272727272727275        117.16397936701020     
   1.7121212121212124        117.62141326438706     
   1.6969696969696972        118.10024195492970     
   1.6818181818181821        118.65457594862045     
   1.6666666666666670        119.32661700295360     
   1.6515151515151518        120.14635728696909     
   1.6363636363636367        121.13186959507054     
   1.6212121212121215        122.29007065126827     
   1.6060606060606064        123.61785035016345     
   1.5909090909090913        125.10347017990323     
   1.5757575757575761        126.72814406450979     
   1.5606060606060610        128.46772444839357     
   1.5454545454545459        130.29442562452485     
   1.5303030303030307        132.17852507964830     
   1.5151515151515156        134.08999199507616     
   1.5000000000000004        135.99999999999991     
   1.4848484848484853        137.88228882591480     
   1.4696969696969702        139.71434665564152     
   1.4545454545454550        141.47839169858102     
   1.4393939393939399        143.16213785522558     
   1.4242424242424248        144.75933525859071     
   1.4090909090909096        146.27008199812050     
   1.3939393939393945        147.70090844274802     
   1.3787878787878793        149.06464028417983     
   1.3636363636363642        150.38005071909774     
   1.3484848484848491        151.67131607984666     
   1.3333333333333339        152.96729270730512     
   1.3181818181818188        154.30063593699853     
   1.3030303030303036        155.70678474013795     
   1.2878787878787885        157.22283782513202     
   1.2727272727272734        158.88634886222715     
   1.2575757575757582        160.73406994429649     
   1.2424242424242431        162.80067344040125     
   1.2272727272727280        165.11748303560321     
   1.2121212121212128        167.71124498060931     
   1.1969696969696977        170.60297039817550     
   1.1818181818181825        173.80687890979695     
   1.1666666666666674        177.32947285604985     
   1.1515151515151523        181.16876998704637     
   1.1363636363636371        185.31372069579689     
   1.1212121212121220        189.74383365686228     
   1.1060606060606069        194.42903111550899     
   1.0909090909090917        199.32975204866364     
   1.0757575757575766        204.39731798828240     
   1.0606060606060614        209.57457246033647     
   1.0454545454545463        214.79680074842520     
   1.0303030303030312        219.99293204010485     
   1.0151515151515160        225.08702095633376     
   1.0000000000000009        229.99999999999974     
  0.98484848484848575        234.65168858830395     
  0.96969696969697061        238.96303805583742     
  0.95454545454545547        242.85858533048622     
  0.93939393939394034        246.26908089286113     
  0.92424242424242520        249.13424913173995     
  0.90909090909091006        251.40563130306273     
  0.89393939393939492        253.04945298831424     
  0.87878787878787978        254.04944922966669     
  0.86363636363636465        254.40957139405069     
  0.84848484848484951        254.15649028634905     
  0.83333333333333437        253.34180009320579     
  0.81818181818181923        252.04381739345686     
  0.80303030303030409        250.36885871898451     
  0.78787878787878896        248.45186899080659     
  0.77272727272727382        246.45626158949941     
  0.75757575757575868        244.57281884656135     
  0.74242424242424354        243.01748936409882     
  0.72727272727272840        242.02790578422736     
  0.71212121212121327        241.85843343684792     
  0.69696969696969813        242.77354669495503     
  0.68181818181818299        245.03931586040940     
  0.66666666666666785        248.91277299009349     
  0.65151515151515271        254.62891025262800     
  0.63636363636363757        262.38504917932926     
  0.62121212121212244        272.32230353982084     
  0.60606060606060730        284.50384253272068     
  0.59090909090909216        298.88964453505548     
  0.57575757575757702        315.30741480054263     
  0.56060606060606188        333.41932323661950     
  0.54545454545454675        352.68420072307867     
  0.53030303030303161        372.31481436139541     
  0.51515151515151647        391.22982356331698     
  0.50000000000000000        408.00000000000000     
