 0.                         0.5
 0.05026548245743669                         0.4993684783142092
 0.10053096491487339                         0.49747550864737
 0.15079644737231007                         0.4943258728049215
 0.20106192982974677                         0.48992752703978726
 0.25132741228718347                         0.48429158195419103
 0.30159289474462014                         0.4774322744333137
 0.35185837720205687                         0.4693669316816889
 0.40212385965949354                         0.46011592745318447
 0.4523893421169302                         0.4497026305851367
 0.5026548245743669                         0.43815334596664485
 0.5529203070318036                         0.42549724809014466
 0.6031857894892403                         0.4117663073541157
 0.653451271946677                         0.396995209303088
 0.7037167544041137                         0.3812212670089553
 0.7539822368615504                         0.3644843268149262
 0.8042477193189871                         0.34682666768021336
 0.8545132017764238                         0.3282928943797241
 0.9047786842338604                         0.30892982482853915
 0.9550441666912972                         0.2887863718158081
 1.0053096491487339                         0.26791341944681146
 1.0555751316061706                         0.24636369460530827
 1.1058406140636072                         0.22419163376086493
 1.156106096521044                         0.20145324545762314
 1.2063715789784806                         0.1782059688318712
 1.2566370614359172                         0.15450852851581584
 1.306902543893354                         0.13042078629408013
 1.3571680263507908                         0.10600358988765611
 1.4074335088082275                         0.08131861924729682
 1.4576989912656642                         0.05642823074462401
 1.5079644737231008                         0.03139529965453831
 1.5582299561805375                         0.006283061326834697
 1.6084954386379742                         -0.01884504855176216
 1.6587609210954108                         -0.04392555420163106
 1.7090264035528475                         -0.06889510009556546
 1.7592918860102842                         -0.09369061100031666
 1.8095573684677209                         -0.11824945131009011
 1.8598228509251575                         -0.14250958326950477
 1.9100883333825944                         -0.16640972368633053
 1.960353815840031                         -0.1898894987381337
 2.0106192982974678                         -0.21288959648177594
 2.0608847807549044                         -0.2353519166805138
 2.111150263212341                         -0.2572197175702235
 2.161415745669778                         -0.27843775919400576
 2.2116812281272145                         -0.29895244294309614
 2.261946710584651                         -0.31871194695158767
 2.312212193042088                         -0.3376663570029473
 2.3624776754995245                         -0.35576779261764485
 2.412743157956961                         -0.3729705280033867
 2.463008640414398                         -0.3892311075624226
 2.5132741228718345                         -0.4045084556641448
 2.563539605329271                         -0.4187639804056844
 2.613805087786708                         -0.4319616710983964
 2.6640705702441445                         -0.444068189233974
 2.7143360527015816                         -0.45505295270040474
 2.7646015351590183                         -0.4648882130350305
 2.814867017616455                         -0.4735491255195644
 2.8651325000738916                         -0.4810138119399982
 2.9153979825313283                         -0.487263415852863
 2.965663464988765                         -0.4922821502182362
 3.0159289474462017                         -0.4960573372791695
 3.0661944299036383                         -0.49857944058679937
 3.116459912361075                         -0.4998420890902409
 3.1667253948185117                         -0.4998420932304131
 3.2169908772759483                         -0.4985794529971403
 3.267256359733385                         -0.49605735792917716
 3.3175218421908217                         -0.4922821790571571
 3.3677873246482584                         -0.487263452809817
 3.418052807105695                         -0.48101385692415227
 3.4683182895631317                         -0.473549178420356
 3.5185837720205684                         -0.46488827372243896
 3.568849254478005                         -0.4550530210252707
 3.6191147369354417                         -0.4440682650283655
 3.6693802193928784                         -0.4319617541760215
 3.719645701850315                         -0.4187640705623487
 3.769911184307752                         -0.40450855267825286
 3.820176666765189                         -0.3892312111955223
 3.8704421492226255                         -0.37297063800075475
 3.920707631680062                         -0.35576790870891245
 3.970973114137499                         -0.3376664789027642
 4.0212385965949355                         -0.31871207436032306
 4.071504079052372                         -0.29895257554757443
 4.121769561509809                         -0.27843789666827595
 4.172035043967245                         -0.25721985957635973
 4.222300526424682                         -0.23535206286944532
 4.2725660088821185                         -0.2128897464941445
 4.322831491339556                         -0.18988965220517637
 4.373096973796993                         -0.1664098802307854
 4.423362456254429                         -0.14250974250653772
 4.473627938711866                         -0.11824961284824005
 4.523893421169302                         -0.09369077444245721
 4.574158903626739                         -0.06889526503988051
 4.624424386084176                         -0.043925720242601836
 4.674689868541613                         -0.018845215281163473
 4.724955350999049                         0.006282894318931561
 4.775220833456486                         0.031395132778758474
 4.825486315913922                         0.05642806441128017
 4.875751798371359                         0.0813184538653811
 4.926017280828796                         0.10600342586383518
 4.976282763286233                         0.13042062403169596
 5.026548245743669                         0.15450836841389462
 5.076813728201106                         0.17820581128414276
 5.127079210658542                         0.20145309085155344
 5.1773446931159794                         0.22419148247670384
 5.227610175573416                         0.246363547015155
 5.277875658030853                         0.26791327591370007
 5.328141140488289                         0.28878623269281506
 5.378406622945726                         0.3089296904579157
 5.428672105403163                         0.3282927650920546
 5.4789375878605995                         0.3468265437936026
 5.529203070318037                         0.3644842086342175
 5.579468552775473                         0.3812211548249807
 5.62973403523291                         0.39699510339195315
 5.679999517690346                         0.4117662079765207
 5.730265000147783                         0.42549715549074296
 5.7805304826052195                         0.43815326037344116
 5.830795965062657                         0.4497025522089261
 5.881061447520093                         0.4601158564870335
 5.93132692997753                         0.4693668683004605
 5.981592412434966                         0.4774322187932362
 6.031857894892403                         0.4842915341924738
 6.0821233773498395                         0.4899274872742822
 6.132388859807277                         0.49432584113383254
 6.182654342264713                         0.4974754851490107
 6.23291982472215                         0.49936846304680915
 6.283185307179586                         0.49999999300156056
 6.333450789637023                         0.4993684797142423
 6.38371627209446                         0.497475518442339
 6.433981754551897                         0.4943258909700835
 6.484247237009334                         0.48992755352925543
 6.53451271946677                         0.4842916167010507
 6.584778201924207                         0.4774323173497913
 6.635043684381643                         0.46936698265937365
 6.6853091668390805                         0.4601159863633023
 6.735574649296517                         0.4497026972788756
 6.785840131753954                         0.4381534202755306
 6.83610561421139                         0.42549732982646665
 6.886371096668827                         0.4117663963114009
 6.936636579126263                         0.39699530525662263
 6.9869020615837005                         0.3812213697163524
 7.037167544041137                         0.36448443601673797
 7.087433026498574                         0.3468267831005866
 7.13769850895601                         0.328293015727097
 7.187963991413447                         0.3089299517963777
 7.2382294738708834                         0.2887865040833805
 7.288494956328321                         0.2679135566799985
 7.338760438785757                         0.246363836457447
 7.389025921243194                         0.22419177987362457
 7.43929140370063                         0.2014533954619102
 7.489556886158067                         0.1782061223487619
 7.539822368615504                         0.15450868515751323
 7.590087851072941                         0.1304209456648937
 7.640353333530378                         0.1060037515850014
 7.690618815987814                         0.08131878286271235
 7.740884298445251                         0.056428395864803096
 7.791149780902687                         0.03139546586237308
 7.841415263360124                         0.006283228202469786
 7.891680745817561                         -0.018844881429869047
 7.941946228274998                         -0.04392538725564429
 7.992211710732434                         -0.06889493374720504
 8.042477193189871                         -0.09369044566979293
 8.092742675647308                         -0.11824928741504227
 8.143008158104744                         -0.14250942122394591
 8.19327364056218                         -0.16640956389960174
 8.243539123019618                         -0.18988934161387008
 8.293804605477055                         -0.21288944241688695
 8.34407008793449                         -0.23535176606418073
 8.394335570391927                         -0.2572195707829162
 8.444601052849364                         -0.27843761660652167
 8.494866535306802                         -0.2989523049156236
 8.545132017764237                         -0.318711813832796
 8.595397500221674                         -0.33766622912910604
 8.645662982679111                         -0.3557676703117745
 8.695928465136548                         -0.3729704115744424
 8.746193947593985                         -0.3892309973045139
 8.79645943005142                         -0.40450835185579276
 8.846724912508858                         -0.41876388330911796
 8.896990394966295                         -0.4319615809588898
 8.947255877423732                         -0.4440681062792275
 8.997521359881167                         -0.4550528771399691
 9.047786842338605                         -0.46488814505977794
 9.098052324796042                         -0.47354906530120633
 9.148317807253479                         -0.4810137596306514
 9.198583289710914                         -0.4872633715846654
 9.248848772168351                         -0.49228211410301304
 9.299114254625788                         -0.496057309408151
 9.349379737083225                         -0.49857942103039016
 9.39964521954066                         -0.49984207789784213
 9.449910701998098                         -0.49984209043029776
 9.500176184455535                         -0.4985794585963817
 9.550441666912972                         -0.49605737191363114
 9.600707149370407                         -0.4922822013914977
 9.650972631827845                         -0.4872634834376257
 9.701238114285282                         -0.4810138957680607
 9.751503596742719                         -0.47354922538224103
 9.801769079200156                         -0.4648883286836708
 9.852034561657591                         -0.4550530838470125
 9.902300044115028                         -0.44406833555192415
 9.952565526572466                         -0.43196183222324835
 10.002831009029903                         -0.41876415593608973
 10.053096491487338                         -0.40450864516284657
 10.103361973944775                         -0.3892313105573446
 10.153627456402212                         -0.37297074398880914
 10.20389293885965                         -0.3557680210554639
 10.254158421317085                         -0.3376665973240156
 10.304423903774522                         -0.31871219855713206
 10.354689386231959                         -0.29895270520620915
 10.404954868689396                         -0.27843803146120744
 10.455220351146831                         -0.25721999916308935
 10.505485833604268                         -0.23535220689736497
 10.555751316061706                         -0.2128898945994272
 10.606016798519143                         -0.18988980401369535
 10.656282280976578                         -0.16641003535905918
 10.706547763434015                         -0.14250990056269888
 10.756813245891452                         -0.11824977343302505
 10.80707872834889                         -0.093690937150215
 10.857344210806327                         -0.0688954294595972
 10.907609693263762                         -0.043925885958939
 10.957875175721199                         -0.01884538187550731
 11.008140658178636                         0.006282727267412781
 11.058406140636073                         0.031394965692051344
 11.108671623093509                         0.056427897711460166
 11.158937105550946                         0.08131828797354639
 11.209202588008383                         0.1060032611990429
 11.25946807046582                         0.13042046100990362
 11.309733552923255                         0.15450820744690935
 11.359999035380692                         0.1782056527785811
 11.41026451783813                         0.20145293520781418
 11.460530000295567                         0.2241913300879565
 11.510795482753002                         0.24636339826634676
 11.561060965210439                         0.2679131311805833
 11.611326447667876                         0.2887860923409981
 11.661591930125313                         0.3089295548419394
 11.711857412582749                         0.3282926345544966
 11.762122895040186                         0.34682641866421215
 11.812388377497623                         0.3644840892290822
 11.86265385995506                         0.38122104144572827
 11.912919342412497                         0.3969949963249894
 11.963184824869932                         0.411766107492306
 12.01345030732737                         0.4254970618431092
 12.063715789784807                         0.43815317379895036
 12.113981272242244                         0.44970247292627286
 12.164246754699679                         0.4601157846964927
 12.214512237157116                         0.4693668041833812
 12.264777719614553                         0.4774321625115838
 12.31504320207199                         0.4842914858884205
 12.365308684529426                         0.4899274470698483
 12.415574166986863                         0.4943258091305779
 12.4658396494443                         0.4974754614277782
 12.516105131901737                         0.49936844766752075
 12.566370614359172                         0.4999999860030657
 12.61663609681661                         0.4993684811142198
 12.666901579274047                         0.49747552823725233
 12.717167061731484                         0.49432590913518987
 12.76743254418892                         0.4899275800186682
 12.817698026646356                         0.4842916514478553
 12.867963509103793                         0.47743236026621433
 12.91822899156123                         0.46936703363700455
 12.968494474018668                         0.46011604527336714
 13.018759956476103                         0.4497027639725624
 13.06902543893354                         0.4381534945843655
 13.119290921390977                         0.42549741156273896
 13.169556403848414                         0.4117664852686377
 13.21982188630585                         0.3969954012101103
 13.270087368763287                         0.3812214724237041
 13.320352851220724                         0.36448454521850604
 13.370618333678161                         0.34682689852091797
 13.420883816135596                         0.32829313707442986
 13.471149298593033                         0.3089300787641782
 13.52141478105047                         0.28878663635091706
 13.571680263507908                         0.26791369391315184
 13.621945745965343                         0.24636397830955428
 13.67221122842278                         0.2241919259863551
 13.722476710880217                         0.20145354546617059
 13.772742193337654                         0.1782062758656284
 13.82300767579509                         0.15450884179918895
 13.873273158252527                         0.13042110503568824
 13.923538640709964                         0.10600391328233032
 13.973804123167401                         0.0813189464781142
 14.024069605624838                         0.056428560984971225
 14.074335088082274                         0.03139563207019965
 14.12460057053971                         0.006283395078099451
 14.174866052997148                         -0.018844714307978565
 14.225131535454585                         -0.04392522030965734
 14.27539701791202                         -0.06889476739884164
 14.325662500369457                         -0.09369028033926342
 14.375927982826894                         -0.1182491235199859
 14.426193465284332                         -0.14250925917837576
 14.476458947741767                         -0.16640940411285893
 14.526724430199204                         -0.18988918448958977
 14.576989912656641                         -0.21288928835197868
 14.627255395114078                         -0.23535161544782573
 14.677520877571514                         -0.25721942399558445
 14.72778636002895                         -0.27843747401901064
 14.778051842486388                         -0.2989521668881217
 14.828317324943825                         -0.31871168071397266
 14.87858280740126                         -0.3376661012552309
 14.928848289858697                         -0.35576754800586796
 14.979113772316135                         -0.3729702951454598
 15.029379254773572                         -0.389230887046565
 15.079644737231009                         -0.40450824804739866
 15.129910219688444                         -0.4187637862125076
 15.180175702145881                         -0.43196149081933766
 15.230441184603318                         -0.44406802332443385
 15.280706667060755                         -0.45505280157948497
 15.33097214951819                         -0.4648880770844756
 15.381237631975628                         -0.4735490050827973
 15.431503114433065                         -0.4810137073212526
 15.481768596890502                         -0.48726332731641486
 15.532034079347937                         -0.4922820779877362
 15.582299561805375                         -0.49605728153707823
 15.632565044262812                         -0.4985794014739261
 15.682830526720249                         -0.4998420667053881
 15.733096009177684                         -0.4998420876301269
 15.783361491635121                         -0.4985794641955675
 15.833626974092558                         -0.4960573858980295
 15.883892456549995                         -0.4922822237257829
 15.93415793900743                         -0.4872635140653794
 15.984423421464868                         -0.4810139346119145
 16.034688903922305                         -0.473549272344072
 16.084954386379742                         -0.4648883836448493
 16.13521986883718                         -0.45505314666870184
 16.185485351294616                         -0.4440684060754313
 16.235750833752054                         -0.43196191027042485
 16.286016316209487                         -0.4187642413097816
 16.336281798666924                         -0.40450873764739254
 16.38654728112436                         -0.38923140991912064
 16.4368127635818                         -0.37297084997681884
 16.487078246039236                         -0.3557681334019724
 16.537343728496673                         -0.33766671574522583
 16.58760921095411                         -0.3187123227539018
 16.637874693411547                         -0.29895283486480667
 16.68814017586898                         -0.2784381662541039
 16.738405658326418                         -0.2572201387497862
 16.788671140783855                         -0.23535235092525417
 16.838936623241292                         -0.21289004270468181
 16.88920210569873                         -0.1898899558221887
 16.939467588156166                         -0.1664101904873099
 16.989733070613603                         -0.14251005861883956
 17.03999855307104                         -0.11824993401779221
 17.090264035528474                         -0.09369109985795762
 17.14052951798591                         -0.06889559387930146
 17.190795000443348                         -0.04392605167526649
 17.241060482900785                         -0.018845548469844247
 17.291325965358222                         0.006282560215898105
 17.34159144781566                         0.03139479860534551
 17.391856930273097                         0.05642773101163865
 17.442122412730534                         0.08131812208170736
 17.49238789518797                         0.10600309653424349
 17.542653377645404                         0.13042029798810137
 17.59291886010284                         0.15450804647991143
 17.64318434256028                         0.17820549427300408
 17.693449825017716                         0.20145277956405683
 17.743715307475153                         0.22419117769918845
 17.79398078993259                         0.2463632495175152
 17.844246272390027                         0.26791298644744066
 17.894511754847464                         0.28878595198915286
 17.944777237304898                         0.3089294192259324
 17.995042719762335                         0.3282925040169057
 18.045308202219772                         0.3468262935347865
 18.09557368467721                         0.36448396982390957
 18.145839167134646                         0.3812209280664365
 18.196104649592083                         0.3969948892579843
 18.24637013204952                         0.4117660070080482
 18.296635614506958                         0.42549696819543054
 18.346901096964395                         0.438153087224413
 18.397166579421828                         0.44970239364357156
 18.447432061879265                         0.4601157129059025
 18.497697544336702                         0.46936674006625123
 18.54796302679414                         0.4774321062298795
 18.598228509251577                         0.48429143758431437
 18.648493991709014                         0.4899274068653606
 18.69875947416645                         0.4943257771272687
 18.749024956623888                         0.4974754377064907
 18.79929043908132                         0.49936843228817696
 18.84955592153876                         0.4999999790045151
 18.899821403996196                         0.4993684825141413
 18.950086886453633                         0.49747553803210964
 19.00035236891107                         0.49432592730024033
 19.050617851368507                         0.48992760650802536
 19.100883333825944                         0.4842916861946047
 19.15114881628338                         0.47743240318258273
 19.201414298740815                         0.46936708461458143
 19.251679781198252                         0.4601161041833788
 19.30194526365569                         0.44970283066619704
 19.352210746113126                         0.4381535688931491
 19.402476228570563                         0.4254974932989612
 19.452741711028                         0.4117665742258258
 19.503007193485438                         0.3969954971635507
 19.553272675942875                         0.3812215751310101
 19.603538158400312                         0.3644846544202302
 19.653803640857745                         0.3468270139412072
 19.704069123315183                         0.3282932584217225
 19.75433460577262                         0.3089302057319406
 19.804600088230057                         0.2887867686184175
 19.854865570687494                         0.26791383114627126
 19.90513105314493                         0.24636412016162992
 19.955396535602368                         0.22419207209905637
 20.005662018059805                         0.20145369547040415
 20.05592750051724                         0.17820642938247058
 20.106192982974676                         0.15450899844084293
 20.156458465432113                         0.13042126440646362
 20.20672394788955                         0.10600407497964276
 20.256989430346987                         0.08131911009350229
 20.307254912804424                         0.05642872610512833
 20.35752039526186                         0.03139579827801797
 20.4077858777193                         0.0062835619537236626
 20.458051360176736                         -0.01884454718609073
 20.50831684263417                         -0.04392505336367023
 20.558582325091606                         -0.06889460105047525
 20.608847807549044                         -0.09369011500872813
 20.65911329000648                         -0.11824895962492095
 20.709378772463918                         -0.14250909713279425
 20.759644254921355                         -0.16640924432610202
 20.809909737378792                         -0.18988902736529265
 20.86017521983623                         -0.2128891342870509
 20.910440702293663                         -0.23535146483144864
 20.9607061847511                         -0.257219277208228
 21.010971667208537                         -0.2784373314314725
 21.061237149665974                         -0.29895202886059025
 21.11150263212341                         -0.3187115475951174
 21.16176811458085                         -0.3376659733813216
 21.212033597038285                         -0.35576742569992514
 21.262299079495723                         -0.3729701787164389
 21.312564561953156                         -0.3892307767885757
 21.362830044410593                         -0.40450814423896225
 21.41309552686803                         -0.41876368911585315
 21.463361009325467                         -0.4319614006797397
 21.513626491782905                         -0.4440679403695928
 21.56389197424034                         -0.45505272601895197
 21.61415745669778                         -0.4648880091091231
 21.664422939155216                         -0.4735489448643369
 21.714688421612653                         -0.4810136550118013
 21.764953904070087                         -0.48726328304811095
 21.815219386527524                         -0.4922820418724052
 21.86548486898496                         -0.4960572536659506
 21.915750351442398                         -0.4985793819174067
 21.966015833899835                         -0.4998420555128784
 22.016281316357272                         -0.4998420848299001
 22.06654679881471                         -0.49857946979469725
 22.116812281272146                         -0.49605739988237196
 22.16707776372958                         -0.49228224606001236
 22.217343246187017                         -0.48726354469307764
 22.267608728644454                         -0.48101397345571334
 22.31787421110189                         -0.47354931930584865
 22.36813969355933                         -0.46488843860597423
 22.418405176016766                         -0.45505320949033845
 22.468670658474203                         -0.4440684765988867
 22.51893614093164                         -0.4319619883175507
 22.569201623389077                         -0.41876432668342417
 22.61946710584651                         -0.4045088301318906
 22.669732588303948                         -0.3892315092808504
 22.719998070761385                         -0.37297095596478386
 22.770263553218822                         -0.3557682457484379
 22.82052903567626                         -0.337666834166395
 22.870794518133696                         -0.3187124469506325
 22.921060000591133                         -0.2989529645233672
 22.97132548304857                         -0.27843830104696554
 23.021590965506004                         -0.25722027833645056
 23.07185644796344                         -0.23535249495311317
 23.122121930420878                         -0.21289019080990865
 23.172387412878315                         -0.18989010763065675
 23.222652895335752                         -0.16641034561553783
 23.27291837779319                         -0.14251021667496006
 23.323183860250627                         -0.11825009460254184
 23.373449342708064                         -0.0936912625656854
 23.423714825165497                         -0.0688957582989936
 23.473980307622934                         -0.043926217391584615
 23.52424579008037                         -0.018845715064174602
 23.57451127253781                         0.006282393164387211
 23.624776754995246                         0.031394631518640644
 23.675042237452683                         0.05642756431181529
 23.72530771991012                         0.08131795618986368
 23.775573202367557                         0.10600293186943664
 23.825838684824994                         0.1304201349662889
 23.876104167282428                         0.15450788551290054
 23.926369649739865                         0.17820533576741138
 23.976635132197302                         0.20145262392028115
 24.02690061465474                         0.22419102531039944
 24.077166097112176                         0.24636310076866014
 24.127431579569613                         0.267912841714272
 24.17769706202705                         0.28878581163727907
 24.227962544484487                         0.3089292836098945
 24.27822802694192                         0.3282923734792815
 24.328493509399358                         0.3468261684053254
 24.378758991856795                         0.36448385041869935
 24.429024474314232                         0.38122081468710506
 24.47928995677167                         0.3969947821909377
 24.529555439229107                         0.411765906523747
 24.579820921686544                         0.4254968745477068
 24.63008640414398                         0.4381530006498289
 24.680351886601418                         0.4497023143608221
 24.73061736905885                         0.46011564111526265
 24.78088285151629                         0.46936667594907044
 24.831148333973726                         0.4774320499481233
 24.881413816431163                         0.48429138928015536
 24.9316792988886                         0.4899273666608193
 24.981944781346037                         0.4943257451239052
 25.032210263803474                         0.4974754139851483
 25.08247574626091                         0.49936841690877776
 25.132741228718345                         0.49999997200590884
