 0.                         0.
 0.05026548245743669                         -0.025122157752944803
 0.10053096491487339                         -0.05018085475623024
 0.15079644737231007                         -0.07511279057318146
 0.20106192982974677                         -0.09985498497686174
 0.25132741228718347                         -0.12434493704357467
 0.30159289474462014                         -0.14852078303560484
 0.35185837720205687                         -0.17232145267437152
 0.40212385965949354                         -0.19568682340923596
 0.4523893421169302                         -0.2185578722922659
 0.5026548245743669                         -0.2408768250753083
 0.5529203070318036                         -0.2625873021527386
 0.6031857894892403                         -0.28363446098122214
 0.653451271946677                         -0.30396513461672303
 0.7037167544041137                         -0.3235279660188045
 0.7539822368615504                         -0.34227353778295616
 0.8042477193189871                         -0.3601544969732326
 0.8545132017764238                         -0.37712567473986625
 0.9047786842338604                         -0.3931442004196894
 0.9550441666912972                         -0.4081696098311379
 1.0053096491487339                         -0.4221639474902743
 1.0555751316061706                         -0.43509186248962334
 1.1058406140636072                         -0.4469206977976225
 1.156106096521044                         -0.45762057275310836
 1.2063715789784806                         -0.46716445854645144
 1.2566370614359172                         -0.47552824649666714
 1.306902543893354                         -0.48269080895202915
 1.3571680263507908                         -0.48863405266034493
 1.4074335088082275                         -0.4933429644740756
 1.4576989912656642                         -0.4968056492748447
 1.5079644737231008                         -0.4990133600215359
 1.5582299561805375                         -0.49996051984607465
 1.6084954386379742                         -0.49964473614107896
 1.6587609210954108                         -0.4980668066037918
 1.7090264035528475                         -0.49523071722102835
 1.7592918860102842                         -0.49114363220022733
 1.8095573684677209                         -0.4858158758720429
 1.8598228509251575                         -0.47926090661019116
 1.9100883333825944                         -0.47149528283443315
 1.960353815840031                         -0.4625386211825733
 2.0106192982974678                         -0.45241354695713415
 2.0608847807549044                         -0.44114563697188436
 2.111150263212341                         -0.4287633549425933
 2.161415745669778                         -0.4152979795852219
 2.2116812281272145                         -0.40078352560317904
 2.261946710584651                         -0.3852566577632375
 2.312212193042088                         -0.36875659827716006
 2.3624776754995245                         -0.35132502772299873
 2.412743157956961                         -0.33300597975634766
 2.463008640414398                         -0.313845729877519
 2.5132741228718345                         -0.29389267853562484
 2.563539605329271                         -0.27319722886485465
 2.613805087786708                         -0.25181165936179706
 2.6640705702441445                         -0.22978999182543405
 2.7143360527015816                         -0.20718785489340227
 2.7646015351590183                         -0.18406234351924117
 2.814867017616455                         -0.16047187474560012
 2.8651325000738916                         -0.13647604013773432
 2.9153979825313283                         -0.11213545525005474
 2.965663464988765                         -0.08751160650599314
 3.0159289474462017                         -0.06266669587797649
 3.0661944299036383                         -0.03766348375986281
 3.116459912361075                         -0.012565130428756155
 3.1667253948185117                         0.01256496350331799
 3.2169908772759483                         0.037663317244844126
 3.267256359733385                         0.06266653018278844
 3.3175218421908217                         0.08751144203803264
 3.3677873246482584                         0.11213529241370361
 3.418052807105695                         0.13647587933336572
 3.4683182895631317                         0.1604717163685949
 3.5185837720205684                         0.1840621879590164
 3.568849254478005                         0.20718770253245458
 3.6191147369354417                         0.22978984303839967
 3.6693802193928784                         0.25181151451453143
 3.719645701850315                         0.2731970883135335
 3.769911184307752                         0.293892542625869
 3.820176666765189                         0.3138455989435451
 3.8704421492226255                         0.33300585412014677
 3.920707631680062                         0.35132490769354535
 3.970973114137499                         0.3687564841496527
 4.0212385965949355                         0.38525654981837304
 4.071504079052372                         0.4007834241064632
 4.121769561509809                         0.41529788478631646
 4.172035043967245                         0.4287632670747024
 4.222300526424682                         0.4411455562511813
 4.2725660088821185                         0.45241347358223
 4.322831491339556                         0.46253855533402843
 4.373096973796993                         0.47149522467431343
 4.423362456254429                         0.4792608562816691
 4.473627938711866                         0.4858158334990456
 4.523893421169302                         0.4911435978871316
 4.574158903626739                         0.49523069105240347
 4.624424386084176                         0.4980667886441916
 4.674689868541613                         0.4996447264348824
 4.724955350999049                         0.4999605184173763
 4.775220833456486                         0.4990133668740862
 4.825486315913922                         0.4968056643920401
 4.875751798371359                         0.49334298781899855
 4.926017280828796                         0.4886340841758542
 4.976282763286233                         0.48269084856089933
 5.026548245743669                         0.4755282941017779
 5.076813728201106                         0.4671645140310252
 5.127079210658542                         0.4576206359809967
 5.1773446931159794                         0.44692076861363994
 5.227610175573416                         0.43509194071992774
 5.277875658030853                         0.42216403294279337
 5.328141140488289                         0.40816970229604044
 5.378406622945726                         0.39314429966989994
 5.428672105403163                         0.3771257805316225
 5.4789375878605995                         0.36015460904668345
 5.529203070318037                         0.3422736558627995
 5.579468552775473                         0.3235280898149629
 5.62973403523291                         0.30396526382505573
 5.679999517690346                         0.28363459528427193
 5.730265000147783                         0.26258744122051086
 5.7805304826052195                         0.2408769685660813
 5.830795965062657                         0.21855801985342987
 5.881061447520093                         0.19568697467815893
 5.93132692997753                         0.17232160727928972
 5.981592412434966                         0.14852094059653567
 6.031857894892403                         0.12434509717324989
 6.0821233773498395                         0.09985514728167857
 6.132388859807277                         0.07511295465416941
 6.182654342264713                         0.05018102021003101
 6.23291982472215                         0.02512232417280314
 6.283185307179586                         1.6697676290510599E-7
 6.333450789637023                         -0.025121990635448992
 6.38371627209446                         -0.05018068792015478
 6.433981754551897                         -0.07511262443996872
 6.484247237009334                         -0.09985481996617858
 6.53451271946677                         -0.12434477357225236
 6.584778201924207                         -0.14852062151658607
 6.635043684381643                         -0.1723212935156673
 6.6853091668390805                         -0.19568666701289497
 6.735574649296517                         -0.21855771905335883
 6.785840131753954                         -0.24087667538092988
 6.83610561421139                         -0.2625871563810298
 6.886371096668827                         -0.28363431950041484
 6.936636579126263                         -0.30396499778421
 6.9869020615837005                         -0.32352783418023656
 7.037167544041137                         -0.3422734112713689
 7.087433026498574                         -0.3601543761082052
 7.13769850895601                         -0.3771255598267143
 7.187963991413447                         -0.39314409174869347
 7.2382294738708834                         -0.4081695076768103
 7.288494956328321                         -0.4221638521106657
 7.338760438785757                         -0.4350917741256709
 7.389025921243194                         -0.4469206166725412
 7.43929140370063                         -0.45762049907182717
 7.489556886158067                         -0.4671643924950956
 7.539822368615504                         -0.47552818824208815
 7.590087851072941                         -0.48269075864138306
 7.640353333530378                         -0.4886340104207208
 7.690618815987814                         -0.49334293041217436
 7.740884298445251                         -0.4968056234767097
 7.791149780902687                         -0.4990133425523354
 7.841415263360124                         -0.4999605107499374
 7.891680745817561                         -0.4996447354409826
 7.941946228274998                         -0.49806681430150485
 7.992211710732434                         -0.49523073329710565
 8.042477193189871                         -0.49114365661405934
 8.092742675647308                         -0.48581590856195817
 8.143008158104744                         -0.47926094749361214
 8.19327364056218                         -0.4714953318080848
 8.243539123019618                         -0.46253867812274385
 8.293804605477055                         -0.4524136117199879
 8.34407008793449                         -0.44114570939382475
 8.394335570391927                         -0.42876343484067625
 8.444601052849364                         -0.4152980667576179
 8.494866535306802                         -0.400783619829683
 8.545132017764237                         -0.3852567588058252
 8.595397500221674                         -0.3687567058805892
 8.645662982679111                         -0.35132514161545364
 8.695928465136548                         -0.3330060996501262
 8.746193947593985                         -0.31384585546975907
 8.79645943005142                         -0.2938928095090696
 8.846724912508858                         -0.2731973648886538
 8.896990394966295                         -0.2518118000923428
 8.947255877423732                         -0.2297901369072288
 8.997521359881167                         -0.2071880039599569
 9.047786842338605                         -0.18406249619400064
 9.098052324796042                         -0.1604720306428948
 9.148317807253479                         -0.13647619886375414
 9.198583289710914                         -0.11213561640384405
 9.248848772168351                         -0.08751176968046351
 9.299114254625788                         -0.06266686066093509
 9.349379737083225                         -0.03766364973505363
 9.39964521954066                         -0.012565297176911506
 9.449910701998098                         0.012564796403418375
 9.500176184455535                         0.037663150215309055
 9.550441666912972                         0.06266636364554895
 9.600707149370407                         0.08751127641377623
 9.650972631827845                         0.11213512812081147
 9.701238114285282                         0.1364757167868559
 9.751503596742719                         0.16047155597907398
 9.801769079200156                         0.18406203013164218
 9.852034561657591                         0.20718754766591263
 9.902300044115028                         0.2297896915238963
 9.952565526572466                         0.2518113667348054
 10.002831009029903                         0.2731969446418892
 10.053096491487338                         0.2938924034252334
 10.103361973944775                         0.31384546456555096
 10.153627456402212                         0.3330057249042446
 10.20389293885965                         0.35132478396614575
 10.254158421317085                         0.3687563662233017
 10.304423903774522                         0.38525643799096293
 10.354689386231959                         0.4007833186604796
 10.404954868689396                         0.41529778598812506
 10.455220351146831                         0.428763175173876
 10.505485833604268                         0.4411454714798693
 10.555751316061706                         0.4524133961545721
 10.606016798519143                         0.4625384854456136
 10.656282280976578                         0.4714951625016858
 10.706547763434015                         0.47926080198188215
 10.756813245891452                         0.48581578720926527
 10.80707872834889                         0.4911435597242898
 10.857344210806327                         0.495230661112903
 10.907609693263762                         0.49806676700366215
 10.957875175721199                         0.4996447131479898
 11.008140658178636                         0.49996051351768445
 11.058406140636073                         0.4990133703739721
 11.108671623093509                         0.4968056762826627
 11.158937105550946                         0.49334300807032117
 11.209202588008383                         0.4886341127367202
 11.25946807046582                         0.48269088535916155
 11.309733552923255                         0.47552833904448066
 11.359999035380692                         0.46716456700463943
 11.41026451783813                         0.4576206968517064
 11.460530000295567                         0.4469208372276804
 11.510795482753002                         0.435092016903974
 11.561060965210439                         0.4221641165043979
 11.611326447667876                         0.40816979302411943
 11.661591930125313                         0.39314439733526646
 11.711857412582749                         0.3771258848875653
 11.762122895040186                         0.3601547198295904
 11.812388377497623                         0.3422737727928234
 11.86265385995506                         0.32352821259672837
 11.912919342412497                         0.30396539214840546
 11.963184824869932                         0.28363472882505
 12.01345030732737                         0.2625875796413817
 12.063715789784807                         0.2408771115173818
 12.113981272242244                         0.21855816697405273
 12.164246754699679                         0.1956871255964647
 12.214512237157116                         0.1723217616140457
 12.264777719614553                         0.1485210979578789
 12.31504320207199                         0.12434525716367202
 12.365308684529426                         0.09985530949702996
 12.415574166986863                         0.07511311868468003
 12.4658396494443                         0.050181185641345605
 12.516105131901737                         0.0251224905870279
 12.566370614359172                         3.3395352109769165E-7
 12.61663609681661                         -0.025121823517955104
 12.666901579274047                         -0.050180521084078444
 12.717167061731484                         -0.0751124583067523
 12.76743254418892                         -0.09985465495548895
 12.817698026646356                         -0.12434461010092081
 12.867963509103793                         -0.1485204599975553
 12.91822899156123                         -0.17232113435694837
 12.968494474018668                         -0.19568651061653658
 13.018759956476103                         -0.2185575658144317
 13.06902543893354                         -0.24087652568652881
 13.119290921390977                         -0.2625870106092958
 13.169556403848414                         -0.2836341780195799
 13.21982188630585                         -0.30396486095166697
 13.270087368763287                         -0.3235277023416363
 13.320352851220724                         -0.3422732847597471
 13.370618333678161                         -0.3601542552431412
 13.420883816135596                         -0.3771254449135236
 13.471149298593033                         -0.3931439830776568
 13.52141478105047                         -0.40816940552244013
 13.571680263507908                         -0.42216375673101275
 13.621945745965343                         -0.43509168576167245
 13.67221122842278                         -0.44692053554741235
 13.722476710880217                         -0.457620425390497
 13.772742193337654                         -0.4671643264436896
 13.82300767579509                         -0.4755281299874578
 13.873273158252527                         -0.4826907083306846
 13.923538640709964                         -0.48863396818104343
 13.973804123167401                         -0.49334289635021916
 14.024069605624838                         -0.4968055976785201
 14.074335088082274                         -0.4990133250830799
 14.12460057053971                         -0.4999605016537448
 14.174866052997148                         -0.49964473474083065
 14.225131535454585                         -0.4980668219991622
 14.27539701791202                         -0.49523074937312733
 14.325662500369457                         -0.49114368102783595
 14.375927982826894                         -0.4858159412518184
 14.426193465284332                         -0.47926098837697856
 14.476458947741767                         -0.4714953807816825
 14.526724430199204                         -0.46253873506286136
 14.576989912656641                         -0.45241367648278946
 14.627255395114078                         -0.4411457818157139
 14.677520877571514                         -0.42876351473870905
 14.72778636002895                         -0.415298153929965
 14.778051842486388                         -0.4007837140561396
 14.828317324943825                         -0.38525685984836705
 14.87858280740126                         -0.36875681348397404
 14.928848289858697                         -0.3513252555078661
 14.979113772316135                         -0.3330062195438641
 15.029379254773572                         -0.31384598106196054
 15.079644737231009                         -0.2938929404824778
 15.129910219688444                         -0.2731975009124187
 15.180175702145881                         -0.25181194082285646
 15.230441184603318                         -0.22979028198899384
 15.280706667060755                         -0.2071881530264842
 15.33097214951819                         -0.18406264886873525
 15.381237631975628                         -0.16047218654016712
 15.431503114433065                         -0.13647635758975418
 15.481768596890502                         -0.1121357775576162
 15.532034079347937                         -0.0875119328549194
 15.582299561805375                         -0.06266702544388193
 15.632565044262812                         -0.03766381571023544
 15.682830526720249                         -0.012565463925060616
 15.733096009177684                         0.012564629303522219
 15.783361491635121                         0.03766298318577464
 15.833626974092558                         0.06266619710830734
 15.883892456549995                         0.0875111107895149
 15.93415793900743                         0.11213496382791165
 15.984423421464868                         0.13647555424033567
 16.034688903922305                         0.16047139558953988
 16.084954386379742                         0.18406187230425208
 16.13521986883718                         0.20718739279935217
 16.185485351294616                         0.2297895400093718
 16.235750833752054                         0.25181121895505565
 16.286016316209487                         0.2731968009702186
 16.336281798666924                         0.29389226422456904
 16.38654728112436                         0.31384533018752586
 16.4368127635818                         0.33300559568830923
 16.487078246039236                         0.3513246602387107
 16.537343728496673                         0.36875624829691317
 16.58760921095411                         0.38525632616351313
 16.637874693411547                         0.4007832132144544
 16.68814017586898                         0.41529768718989024
 16.738405658326418                         0.42876308327300444
 16.788671140783855                         0.44114538670851056
 16.838936623241292                         0.4524133187268659
 16.88920210569873                         0.4625384155571491
 16.939467588156166                         0.4714951003290073
 16.989733070613603                         0.4792607476820432
 17.03999855307104                         0.48581574091943197
 17.090264035528474                         0.4911435215613943
 17.14052951798591                         0.495230631173348
 17.190795000443348                         0.4980667453630776
 17.241060482900785                         0.4996446998610417
 17.291325965358222                         0.4999605086179368
 17.34159144781566                         0.499013373873802
 17.391856930273097                         0.49680568817322934
 17.442122412730534                         0.4933430283215879
 17.49238789518797                         0.4886341412975306
 17.542653377645404                         0.4826909221573685
 17.59291886010284                         0.4755283839871287
 17.64318434256028                         0.4671646199781996
 17.693449825017716                         0.4576207577223629
 17.743715307475153                         0.44692090584166866
 17.79398078993259                         0.43509209308796915
 17.844246272390027                         0.4221642000659526
 17.894511754847464                         0.40816988375214996
 17.944777237304898                         0.3931444950005859
 17.995042719762335                         0.37712598924346263
 18.045308202219772                         0.3601548306124536
 18.09557368467721                         0.3422738897228054
 18.145839167134646                         0.32352833537845394
 18.196104649592083                         0.3039655204717173
 18.24637013204952                         0.28363486236579233
 18.296635614506958                         0.26258771806221903
 18.346901096964395                         0.24087725446865113
 18.397166579421828                         0.21855831409464677
 18.447432061879265                         0.1956872765147441
 18.497697544336702                         0.17232191594877783
 18.54796302679414                         0.14852125531920088
 18.598228509251577                         0.12434541715407553
 18.648493991709014                         0.0998554717123654
 18.69875947416645                         0.07511328271517743
 18.749024956623888                         0.05018135107264974
 18.79929043908132                         0.025122657001244973
 18.84955592153876                         5.009302743990043E-7
 18.899821403996196                         -0.0251216564004633
 18.950086886453633                         -0.05018035424800138
 19.00035236891107                         -0.07511229217353234
 19.050617851368507                         -0.09985448994479298
 19.100883333825944                         -0.12434444662958012
 19.15114881628338                         -0.14852029847851267
 19.201414298740815                         -0.17232097519821485
 19.251679781198252                         -0.1956863542201609
 19.30194526365569                         -0.2185574125754846
 19.352210746113126                         -0.24087637599210518
 19.402476228570563                         -0.2625868648375367
 19.452741711028                         -0.28363403653871744
 19.503007193485438                         -0.303964724119094
 19.553272675942875                         -0.3235275705030037
 19.603538158400312                         -0.3422731582480907
 19.653803640857745                         -0.36015413437804034
 19.704069123315183                         -0.3771253300002941
 19.75433460577262                         -0.3931438744065793
 19.804600088230057                         -0.4081693033680272
 19.854865570687494                         -0.4221636613513153
 19.90513105314493                         -0.4350915973976278
 19.955396535602368                         -0.44692045442223577
 20.005662018059805                         -0.4576203517091177
 20.05592750051724                         -0.4671642603922331
 20.106192982974676                         -0.4755280717327758
 20.156458465432113                         -0.4826906580199335
 20.20672394788955                         -0.4886339259413125
 20.256989430346987                         -0.4933428622882096
 20.307254912804424                         -0.4968055718802755
 20.35752039526186                         -0.4990133076137689
 20.4077858777193                         -0.49996049255749636
 20.458051360176736                         -0.49964473404062265
 20.50831684263417                         -0.49806682969676347
 20.558582325091606                         -0.49523076544909306
 20.608847807549044                         -0.4911437054415569
 20.65911329000648                         -0.48581597394162335
 20.709378772463918                         -0.47926102926029024
 20.759644254921355                         -0.4714954297552261
 20.809909737378792                         -0.46253879200292547
 20.86017521983623                         -0.45241374124553857
 20.910440702293663                         -0.4411458542375517
 20.9607061847511                         -0.4287635946366917
 21.010971667208537                         -0.4152982411022633
 21.061237149665974                         -0.4007838082825488
 21.11150263212341                         -0.385256960890863
 21.16176811458085                         -0.3687569210873147
 21.212033597038285                         -0.3513253694002361
 21.262299079495723                         -0.3330063394375615
 21.312564561953156                         -0.3138461066541235
 21.362830044410593                         -0.29389307145584964
 21.41309552686803                         -0.2731976369361493
 21.463361009325467                         -0.2518120815533382
 21.513626491782905                         -0.22979042707072925
 21.56389197424034                         -0.20718830209298428
 21.61415745669778                         -0.18406280154344515
 21.664422939155216                         -0.16047234243741731
 21.714688421612653                         -0.1364765163157347
 21.764953904070087                         -0.1121359387113715
 21.815219386527524                         -0.08751209602936115
 21.86548486898496                         -0.06266719022681737
 21.915750351442398                         -0.03766398168540861
 21.966015833899835                         -0.012565630673203874
 22.016281316357272                         0.012564462203629109
 22.06654679881471                         0.03766281615624047
 22.116812281272146                         0.06266603057106317
 22.16707776372958                         0.08751094516524821
 22.217343246187017                         0.11213479953500365
 22.267608728644454                         0.13647539169380446
 22.31787421110189                         0.16047123519999207
 22.36813969355933                         0.18406171447684555
 22.418405176016766                         0.2071872379327726
 22.468670658474203                         0.22978938849482558
 22.51893614093164                         0.2518110711752816
 22.569201623389077                         0.2731966572985213
 22.61946710584651                         0.2938921250238755
 22.669732588303948                         0.3138451958094691
 22.719998070761385                         0.3330054664723399
 22.770263553218822                         0.35132453651123946
 22.82052903567626                         0.3687561303704864
 22.870794518133696                         0.38525621433602314
 22.921060000591133                         0.4007831077683871
 22.97132548304857                         0.41529758839161146
 23.021590965506004                         0.42876299137208723
 23.07185644796344                         0.4411453019371046
 23.122121930420878                         0.45241324129911115
 23.172387412878315                         0.46253834566863467
 23.222652895335752                         0.4714950381562777
 23.27291837779319                         0.47926069338215205
 23.323183860250627                         0.48581569462954555
 23.373449342708064                         0.4911434833984448
 23.423714825165497                         0.4952306012337384
 23.473980307622934                         0.49806672372243793
 23.52424579008037                         0.49964468657403804
 23.57451127253781                         0.4999605037181333
 23.624776754995246                         0.49901337737357604
 23.675042237452683                         0.4968057000637401
 23.72530771991012                         0.4933430485727989
 23.775573202367557                         0.4886341698582856
 23.825838684824994                         0.48269095895552055
 23.876104167282428                         0.4755284289297225
 23.926369649739865                         0.4671646729517062
 23.976635132197302                         0.4576208185929667
 24.02690061465474                         0.44692097445560525
 24.077166097112176                         0.43509216927191374
 24.127431579569613                         0.422164283627458
 24.17769706202705                         0.40816997448013254
 24.227962544484487                         0.39314459266585894
 24.27822802694192                         0.3771260935993152
 24.328493509399358                         0.3601549413952738
 24.378758991856795                         0.3422740066527462
 24.429024474314232                         0.3235284581601402
 24.47928995677167                         0.3039656487949919
 24.529555439229107                         0.2836349959064995
 24.579820921686544                         0.26258785648302346
 24.63008640414398                         0.24087739741988987
 24.680351886601418                         0.2185584612152126
 24.73061736905885                         0.19568742743299777
 24.78088285151629                         0.17232207028348676
 24.831148333973726                         0.14852141268050226
 24.881413816431163                         0.12434557714446107
 24.9316792988886                         0.09985563392768555
 24.981944781346037                         0.07511344674566225
 25.032210263803474                         0.05018151650394404
 25.08247574626091                         0.02512282341545499
 25.132741228718345                         6.679070234365478E-7
