 0.                         0.
 0.05026548245743669                         -0.025264817988203705
 0.10053096491487339                         -0.050753664429244255
 0.15079644737231007                         -0.07640654108913603
 0.20106192982974677                         -0.1021638256471335
 0.25132741228718347                         -0.12796639070272092
 0.30159289474462014                         -0.15375568598266826
 0.35185837720205687                         -0.17947378393455934
 0.40212385965949354                         -0.2050633897020948
 0.4523893421169302                         -0.23046781724657778
 0.5026548245743669                         -0.25563093409975673
 0.5529203070318036                         -0.28049707790023715
 0.6031857894892403                         -0.3050109484763181
 0.653451271946677                         -0.32911747979182626
 0.7037167544041137                         -0.35276169656917905
 0.7539822368615504                         -0.3758885608469902
 0.8042477193189871                         -0.3984428141192866
 0.8545132017764238                         -0.4203688210400268
 0.9047786842338604                         -0.44161042095845726
 0.9550441666912972                         -0.46211079377375003
 1.0053096491487339                         -0.4818123467540945
 1.0555751316061706                         -0.5006566290452878
 1.1058406140636072                         -0.5185842805826044
 1.156106096521044                         -0.5355350219995746
 1.2063715789784806                         -0.5514476918774794
 1.2566370614359172                         -0.5662603372768289
 1.306902543893354                         -0.5799103629127329
 1.3571680263507908                         -0.5923347435562969
 1.4074335088082275                         -0.603470303242874
 1.4576989912656642                         -0.6132540636289194
 1.5079644737231008                         -0.6216236623535073
 1.5582299561805375                         -0.6285178405297152
 1.6084954386379742                         -0.6338769965294746
 1.6587609210954108                         -0.6376438010630102
 1.7090264035528475                         -0.6397638662379624
 1.7592918860102842                         -0.6401864588795412
 1.8095573684677209                         -0.6388652459858599
 1.8598228509251575                         -0.6357590578831621
 1.9100883333825944                         -0.6308326525488959
 1.960353815840031                         -0.6240574628102208
 2.0106192982974678                         -0.6154123068273337
 2.0608847807549044                         -0.6048840415547466
 2.111150263212341                         -0.592468138843954
 2.161415745669778                         -0.5781691645878189
 2.2116812281272145                         -0.5620011428569489
 2.261946710584651                         -0.5439877893467391
 2.312212193042088                         -0.5241626015997534
 2.3624776754995245                         -0.5025687973025447
 2.412743157956961                         -0.4792590963430863
 2.463008640414398                         -0.45429534707795893
 2.5132741228718345                         -0.4277480021890135
 2.563539605329271                         -0.3996954543802209
 2.613805087786708                         -0.3702232467455693
 2.6640705702441445                         -0.3394231767086137
 2.7143360527015816                         -0.3073923158009903
 2.7646015351590183                         -0.2742319700584267
 2.814867017616455                         -0.24004660736632713
 2.8651325000738916                         -0.2049427786368672
 2.9153979825313283                         -0.1690280592572254
 2.965663464988765                         -0.1324100358799322
 3.0159289474462017                         -0.095195361444184
 3.0661944299036383                         -0.057488898470732026
 3.116459912361075                         -0.019392967336000076
 3.1667253948185117                         0.018993287412541242
 3.2169908772759483                         0.05757440340622517
 3.267256359733385                         0.0962589739020863
 3.3175218421908217                         0.134959886295732
 3.3677873246482584                         0.17359442690244642
 3.418052807105695                         0.21208425605603512
 3.4683182895631317                         0.2503552599879701
 3.5185837720205684                         0.2883372879129214
 3.568849254478005                         0.32596378427490535
 3.6191147369354417                         0.3631713272399994
 3.6693802193928784                         0.39989908531518154
 3.719645701850315                         0.43608820450022173
 3.769911184307752                         0.47168113872039164
 3.820176666765189                         0.5066209365242043
 3.8704421492226255                         0.540850497242065
 3.920707631680062                         0.5743118100612902
 3.970973114137499                         0.6069451898421988
 4.0212385965949355                         0.6386885240261728
 4.071504079052372                         0.6694765456991323
 4.121769561509809                         0.6992401487811597
 4.172035043967245                         0.7279057623992605
 4.222300526424682                         0.7553948027225899
 4.2725660088821185                         0.7816232218251986
 4.322831491339556                         0.8065011743858014
 4.373096973796993                         0.8299328240994868
 4.423362456254429                         0.851816312392274
 4.473627938711866                         0.8720439121957556
 4.523893421169302                         0.8905023889316728
 4.574158903626739                         0.9070735892372275
 4.624424386084176                         0.9216352750941639
 4.674689868541613                         0.9340622166917388
 4.724955350999049                         0.9442275513847331
 4.775220833456486                         0.9520044084061837
 4.825486315913922                         0.9572677895698966
 4.875751798371359                         0.9598966851959927
 4.926017280828796                         0.9597763922226374
 4.976282763286233                         0.9568009884175527
 5.026548245743669                         0.9508759034451538
 5.076813728201106                         0.9419205151157984
 5.127079210658542                         0.9298706884044406
 5.1773446931159794                         0.914681166799196
 5.227610175573416                         0.8963277212214992
 5.277875658030853                         0.8748089620140461
 5.328141140488289                         0.8501477249459648
 5.378406622945726                         0.8223919531196933
 5.428672105403163                         0.7916150129418843
 5.4789375878605995                         0.7579154033382038
 5.529203070318037                         0.7214158420889918
 5.579468552775473                         0.6822617400839407
 5.62973403523291                         0.6406191017026339
 5.679999517690346                         0.5966719155622131
 5.730265000147783                         0.5506191227261421
 5.7805304826052195                         0.5026712675658982
 5.830795965062657                         0.4530469486282227
 5.881061447520093                         0.4019691924049164
 5.93132692997753                         0.34966187170661334
 5.981592412434966                         0.2963462828279005
 6.031857894892403                         0.24223798275405758
 6.0821233773498395                         0.1875439705515082
 6.132388859807277                         0.13246027726728818
 6.182654342264713                         0.07717000765702137
 6.23291982472215                         0.021841856301141816
 6.283185307179586                         -0.033370898608429664
 6.333450789637023                         -0.08833093736508037
 6.38371627209446                         -0.14291700403282878
 6.433981754551897                         -0.19702361256514386
 6.484247237009334                         -0.2505603982939054
 6.53451271946677                         -0.3034511629717287
 6.584778201924207                         -0.35563266233540086
 6.635043684381643                         -0.4070531835809792
 6.6853091668390805                         -0.4576709567617669
 6.735574649296517                         -0.507452439509003
 6.785840131753954                         -0.5563705091752894
 6.83610561421139                         -0.6044025910048768
 6.886371096668827                         -0.6515287456704848
 6.936636579126263                         -0.6977297348417623
 6.9869020615837005                         -0.742985079657555
 7.037167544041137                         -0.7872711242944681
 7.087433026498574                         -0.8305591154374461
 7.13769850895601                         -0.8728133084993495
 7.187963991413447                         -0.9139891130011396
 7.2382294738708834                         -0.9540312926684144
 7.288494956328321                         -0.9928722405355345
 7.338760438785757                         -1.0304303556316452
 7.389025921243194                         -1.06660855553584
 7.43929140370063                         -1.101292968015213
 7.489556886158067                         -1.13435185475452
 7.539822368615504                         -1.1656348303427073
 7.590087851072941                         -1.1949724494989125
 7.640353333530378                         -1.2221762440790933
 7.690618815987814                         -1.2470392975558542
 7.740884298445251                         -1.269337447046456
 7.791149780902687                         -1.2888312000536022
 7.841415263360124                         -1.3052684432936439
 7.891680745817561                         -1.3183880028222288
 7.941946228274998                         -1.3279240869374265
 7.992211710732434                         -1.3336116054216656
 8.042477193189871                         -1.3351923108125328
 8.092742675647308                         -1.3324216509471618
 8.143008158104744                         -1.325076159746649
 8.19327364056218                         -1.3129611492904838
 8.243539123019618                         -1.2959184062203295
 8.293804605477055                         -1.2738335459470773
 8.34407008793449                         -1.2466426459273088
 8.394335570391927                         -1.214337770849818
 8.444601052849364                         -1.176971022861465
 8.494866535306802                         -1.1346568014061398
 8.545132017764237                         -1.0875720390068382
 8.595397500221674                         -1.0359542868587461
 8.645662982679111                         -0.9800976493502694
 8.695928465136548                         -0.920346698725056
 8.746193947593985                         -0.8570886276653757
 8.79645943005142                         -0.790744006354009
 8.846724912508858                         -0.7217565910989665
 8.896990394966295                         -0.650582676667008
 8.947255877423732                         -0.5776804910207134
 8.997521359881167                         -0.5035001005621473
 9.047786842338605                         -0.42847423160619214
 9.098052324796042                         -0.35301032796334497
 9.148317807253479                         -0.2774840651532891
 9.198583289710914                         -0.20223443904320074
 9.248848772168351                         -0.12756044969825375
 9.299114254625788                         -0.053719317070157105
 9.349379737083225                         0.01907390149029261
 9.39964521954066                         0.09064546886276914
 9.449910701998098                         0.16086110523053773
 9.500176184455535                         0.22962331843115644
 9.550441666912972                         0.2968681361162029
 9.600707149370407                         0.3625614316565356
 9.650972631827845                         0.4266950114678255
 9.701238114285282                         0.4892826028447394
 9.751503596742719                         0.5503558513102296
 9.801769079200156                         0.6099604071182125
 9.852034561657591                         0.6681521534749358
 9.902300044115028                         0.7249936052802215
 9.952565526572466                         0.7805504872805671
 10.002831009029903                         0.8348884846666721
 10.053096491487338                         0.8880701472978803
 10.103361973944775                         0.9401519207234563
 10.153627456402212                         0.9911812727784707
 10.20389293885965                         1.041193883564052
 10.254158421317085                         1.0902108689478673
 10.304423903774522                         1.138236013302983
 10.354689386231959                         1.1852529961024099
 10.404954868689396                         1.231222609348897
 10.455220351146831                         1.2760799788428074
 10.505485833604268                         1.3197318221674648
 10.555751316061706                         1.3620538001040934
 10.606016798519143                         1.4028880458779978
 10.656282280976578                         1.4420409877391815
 10.706547763434015                         1.4792816139344431
 10.756813245891452                         1.5143403634732369
 10.80707872834889                         1.546908858683083
 10.857344210806327                         1.5766407228246249
 10.907609693263762                         1.6031537433481071
 10.957875175721199                         1.6260336431056253
 11.008140658178636                         1.6448397017292085
 11.058406140636073                         1.6591124211726782
 11.108671623093509                         1.668383347775784
 11.158937105550946                         1.6721870450571492
 11.209202588008383                         1.6700750574180474
 11.25946807046582                         1.6616315208788321
 11.309733552923255                         1.6464898750124848
 11.359999035380692                         1.62434992913175
 11.41026451783813                         1.5949943599627858
 11.460530000295567                         1.558303595189774
 11.510795482753002                         1.5142679943911619
 11.561060965210439                         1.4629962973320252
 11.611326447667876                         1.404719479779228
 11.661591930125313                         1.339789434402038
 11.711857412582749                         1.2686722574977396
 11.762122895040186                         1.191936334376826
 11.812388377497623                         1.110235829773279
 11.86265385995506                         1.0242905540538008
 11.912919342412497                         0.9348634463574818
 11.963184824869932                         0.842737060687675
 12.01345030732737                         0.7486904477005271
 12.063715789784807                         0.6534777008781189
 12.113981272242244                         0.5578092058229244
 12.164246754699679                         0.46233633226577137
 12.214512237157116                         0.36763998134823866
 12.264777719614553                         0.2742230847124334
 12.31504320207199                         0.18250687795310763
 12.365308684529426                         0.09283055921028371
 12.415574166986863                         0.005453802769270446
 12.4658396494443                         -0.07943847392861168
 12.516105131901737                         -0.1617297023392134
 12.566370614359172                         -0.24136418993720463
 12.61663609681661                         -0.31833908935559424
 12.666901579274047                         -0.3926962289140938
 12.717167061731484                         -0.4645141297217565
 12.76743254418892                         -0.5339004428199065
 12.817698026646356                         -0.6009849567075977
 12.867963509103793                         -0.6659132545508354
 12.91822899156123                         -0.7288410427806302
 12.968494474018668                         -0.789929128455944
 13.018759956476103                         -0.8493389905412427
 13.06902543893354                         -0.907228868438433
 13.119290921390977                         -0.9637502778677539
 13.169556403848414                         -1.0190448577448916
 13.21982188630585                         -1.0732414505297585
 13.270087368763287                         -1.1264533214375057
 13.320352851220724                         -1.1787754280891123
 13.370618333678161                         -1.2302816612015284
 13.420883816135596                         -1.281021988704506
 13.471149298593033                         -1.3310194504866386
 13.52141478105047                         -1.3802669693729894
 13.571680263507908                         -1.428723966710873
 13.621945745965343                         -1.4763127990288831
 13.67221122842278                         -1.522915066607575
 13.722476710880217                         -1.568367886288796
 13.772742193337654                         -1.6124602699091246
 13.82300767579509                         -1.6549298061375177
 13.873273158252527                         -1.695459905914884
 13.923538640709964                         -1.7336779372878055
 13.973804123167401                         -1.769154639349386
 14.024069605624838                         -1.8014052599872317
 14.074335088082274                         -1.8298928983170668
 14.12460057053971                         -1.854034537737225
 14.174866052997148                         -1.8732102154951673
 14.225131535454585                         -1.886775675442091
 14.27539701791202                         -1.8940786806048415
 14.325662500369457                         -1.8944789154403312
 14.375927982826894                         -1.8873710879221586
 14.426193465284332                         -1.872210466012143
 14.476458947741767                         -1.8485396842984934
 14.526724430199204                         -1.816015282695224
 14.576989912656641                         -1.7744321494463098
 14.627255395114078                         -1.723743897584252
 14.677520877571514                         -1.6640772608100807
 14.72778636002895                         -1.5957388824199565
 14.778051842486388                         -1.5192133862632011
 14.828317324943825                         -1.4351523185187565
 14.87858280740126                         -1.3443543524631412
 14.928848289858697                         -1.2477379488810025
 14.979113772316135                         -1.1463083496466835
 15.029379254773572                         -1.0411212547052238
 15.079644737231009                         -0.9332457320891172
 15.129910219688444                         -0.8237288222634694
 15.180175702145881                         -0.713563954502498
 15.230441184603318                         -0.6036647636280557
 15.280706667060755                         -0.4948452698481394
 15.33097214951819                         -0.38780675353038224
 15.381237631975628                         -0.28313109686657295
 15.431503114433065                         -0.18127992729639117
 15.481768596890502                         -0.08259860733422432
 15.532034079347937                         0.01267602879090139
 15.582299561805375                         0.10440530883536661
 15.632565044262812                         0.19253676452107962
 15.682830526720249                         0.27709147691640323
 15.733096009177684                         0.3581514448124117
 15.783361491635121                         0.4358475127038869
 15.833626974092558                         0.510348222748622
 15.883892456549995                         0.5818498048751954
 15.93415793900743                         0.6505673964346822
 15.984423421464868                         0.7167274884023362
 16.034688903922305                         0.7805615271284724
 16.084954386379742                         0.8423005553399185
 16.13521986883718                         0.902170749155833
 16.185485351294616                         0.9603896949724605
 16.235750833752054                         1.0171632473014287
 16.286016316209487                         1.0726828127896588
 16.336281798666924                         1.12712291422094
 16.38654728112436                         1.180638899544603
 16.4368127635818                         1.2333646738127089
 16.487078246039236                         1.2854103458480188
 16.537343728496673                         1.336859696546647
 16.58760921095411                         1.387767392431349
 16.637874693411547                         1.438155887296798
 16.68814017586898                         1.4880119777435197
 16.738405658326418                         1.5372830065617145
 16.788671140783855                         1.5858727429419246
 16.838936623241292                         1.633637012009407
 16.88920210569873                         1.6803791996385018
 16.939467588156166                         1.7258458227872842
 16.989733070613603                         1.769722430578946
 17.03999855307104                         1.8116301853262207
 17.090264035528474                         1.8511235616372848
 17.14052951798591                         1.887689688616077
 17.190795000443348                         1.920749934272919
 17.241060482900785                         1.9496643779105134
 17.291325965358222                         1.9737398170991227
 17.34159144781566                         1.9922418901943162
 17.391856930273097                         2.004411742740017
 17.442122412730534                         2.009487410501865
 17.49238789518797                         2.0067297271374507
 17.542653377645404                         1.9954521004770056
 17.59291886010284                         1.975052969293973
 17.64318434256028                         1.9450492076115191
 17.693449825017716                         1.9051082632729548
 17.743715307475153                         1.8550764922081264
 17.79398078993259                         1.7950010678728208
 17.844246272390027                         1.7251430726567254
 17.894511754847464                         1.6459799376916056
 17.944777237304898                         1.5581962549076702
 17.995042719762335                         1.4626630453166682
 18.045308202219772                         1.360406686926655
 18.09557368467721                         1.252569718836747
 18.145839167134646                         1.1403664913841167
 18.196104649592083                         1.0250370171471928
 18.24637013204952                         0.9078023527760798
 18.296635614506958                         0.7898244383129248
 18.346901096964395                         0.6721726308750957
 18.397166579421828                         0.5557983213468584
 18.447432061879265                         0.44151815077071327
 18.497697544336702                         0.33000556284826044
 18.54796302679414                         0.2217898195677811
 18.598228509251577                         0.11726120571777256
 18.648493991709014                         0.016680954099650463
 18.69875947416645                         -0.07980559217014108
 18.749024956623888                         -0.17215394519785096
 18.79929043908132                         -0.26040472655156943
 18.84955592153876                         -0.3446681262031227
 18.899821403996196                         -0.4251092320844556
 18.950086886453633                         -0.5019346656173704
 19.00035236891107                         -0.5753807620422368
 19.050617851368507                         -0.6457033778877256
 19.100883333825944                         -0.713169291395758
 19.15114881628338                         -0.7780490811871665
 19.201414298740815                         -0.8406113179860155
 19.251679781198252                         -0.9011178772810322
 19.30194526365569                         -0.9598201711705191
 19.352210746113126                         -1.016956099915804
 19.402476228570563                         -1.0727475335661494
 19.452741711028                         -1.12739814813938
 19.503007193485438                         -1.181091456969895
 19.553272675942875                         -1.2339888945640094
 19.603538158400312                         -1.28622782696332
 19.653803640857745                         -1.3379193791561446
 19.704069123315183                         -1.389145986956455
 19.75433460577262                         -1.4399585988898151
 19.804600088230057                         -1.4903734742674317
 19.854865570687494                         -1.5403685483984872
 19.90513105314493                         -1.5898793666500428
 19.955396535602368                         -1.6387946278270729
 20.005662018059805                         -1.6869514261077938
 20.05592750051724                         -1.7341303412399183
 20.106192982974676                         -1.7800505999059695
 20.156458465432113                         -1.8243656168866376
 20.20672394788955                         -1.8666593207229119
 20.256989430346987                         -1.9064437700318546
 20.307254912804424                         -1.9431586648112242
 20.35752039526186                         -1.976173438884983
 20.4077858777193                         -2.0047926672527008
 20.458051360176736                         -2.028265513415391
 20.50831684263417                         -2.0457998521791465
 20.558582325091606                         -2.0565815093690145
 20.608847807549044                         -2.0597987439608745
 20.65911329000648                         -2.0546716561089973
 20.709378772463918                         -2.040485652653953
 20.759644254921355                         -2.0166274827364337
 20.809909737378792                         -1.9826217416681975
 20.86017521983623                         -1.9381652272153855
 20.910440702293663                         -1.8831562267853217
 20.9607061847511                         -1.8177158158582765
 21.010971667208537                         -1.7421986227098145
 21.061237149665974                         -1.6571912699664515
 21.11150263212341                         -1.5634977762375302
 21.16176811458085                         -1.4621124578673415
 21.212033597038285                         -1.3541821299175523
 21.262299079495723                         -1.2409604723354415
 21.312564561953156                         -1.123758136930571
 21.362830044410593                         -1.003892424015278
 21.41309552686803                         -0.8826401403904148
 21.463361009325467                         -0.7611966319553128
 21.513626491782905                         -0.6406430951106804
 21.56389197424034                         -0.521923269639302
 21.61415745669778                         -0.40582965324349907
 21.664422939155216                         -0.29299857177690136
 21.714688421612653                         -0.18391285873058177
 21.764953904070087                         -0.07891056302028673
 21.815219386527524                         0.02180200406774619
 21.86548486898496                         0.11813449918860447
 21.915750351442398                         0.21009547378276994
 21.966015833899835                         0.29777515077783767
 22.016281316357272                         0.3813289165991761
 22.06654679881471                         0.4609621186280644
 22.116812281272146                         0.5369165171995977
 22.16707776372958                         0.609458545084343
 22.217343246187017                         0.6788693783886142
 22.267608728644454                         0.7454367176170661
 22.31787421110189                         0.8094481098534554
 22.36813969355933                         0.8711856050112197
 22.418405176016766                         0.9309215233409586
 22.468670658474203                         0.9889151111437962
 22.51893614093164                         1.0454098714028528
 22.569201623389077                         1.1006313715605094
 22.61946710584651                         1.1547853488919433
 22.669732588303948                         1.2080559528657444
 22.719998070761385                         1.2606039824342061
 22.770263553218822                         1.3125649939765944
 22.82052903567626                         1.3640471728368277
 22.870794518133696                         1.4151288787516971
 22.921060000591133                         1.4658557940748604
 22.97132548304857                         1.516237625048242
 23.021590965506004                         1.5662443322534245
 23.07185644796344                         1.6158018988345766
 23.122121930420878                         1.6647876862992141
 23.172387412878315                         1.7130254797989708
 23.222652895335752                         1.760280389545327
 23.27291837779319                         1.8062538534085484
 23.323183860250627                         1.8505790773590032
 23.373449342708064                         1.892817352618885
 23.423714825165497                         1.9324557954569168
 23.473980307622934                         1.9689071576633088
 23.52424579008037                         2.0015124382324427
 23.57451127253781                         2.029547069910459
 23.624776754995246                         2.05223143389801
 23.675042237452683                         2.0687463457591653
 23.72530771991012                         2.0782539308802597
 23.775573202367557                         2.0799239518517045
 23.825838684824994                         2.0729651615012603
 23.876104167282428                         2.056660655858531
 23.926369649739865                         2.030405542254406
 23.976635132197302                         1.9937446008494641
 24.02690061465474                         1.946407109336537
 24.077166097112176                         1.8883357356346562
 24.127431579569613                         1.819706482877276
 24.17769706202705                         1.7409371537803526
 24.227962544484487                         1.6526826805219186
 24.27822802694192                         1.5558168565928134
 24.328493509399358                         1.451401352337945
 24.378758991856795                         1.3406441950809735
 24.429024474314232                         1.224850943636305
 24.47928995677167                         1.1053724235043996
 24.529555439229107                         0.9835530285754825
 24.579820921686544                         0.8606832463683911
 24.63008640414398                         0.7379593203563968
 24.680351886601418                         0.6164519756485662
 24.73061736905885                         0.497085073646992
 24.78088285151629                         0.38062408120909913
 24.831148333973726                         0.2676734520825834
 24.881413816431163                         0.1586814814880943
 24.9316792988886                         0.05395091657481185
 24.981944781346037                         -0.046346444779859906
 25.032210263803474                         -0.14215281035588592
 25.08247574626091                         -0.23350651163792785
 25.132741228718345                         -0.3205242970122371
