 0.                         0.5
 0.05026548245743669                         0.49936608979509
 0.10053096491487339                         0.4974563490203637
 0.15079644737231007                         0.4942610259714089
 0.20106192982974677                         0.4897733759110868
 0.25132741228718347                         0.4839896390297823
 0.30159289474462014                         0.47690901334763736
 0.35185837720205687                         0.4685336244073012
 0.40212385965949354                         0.4588684935758924
 0.4523893421169302                         0.447921506705319
 0.5026548245743669                         0.43570338479308474
 0.5529203070318036                         0.42222765814379387
 0.6031857894892403                         0.4075106453575348
 0.653451271946677                         0.3915714382680258
 0.7037167544041137                         0.3744318937236944
 0.7539822368615504                         0.35611663285150785
 0.8042477193189871                         0.3366530481690971
 0.8545132017764238                         0.3160713186181754
 0.9047786842338604                         0.29440443228416296
 0.9550441666912972                         0.2716882162461245
 1.0053096491487339                         0.24796137267074705
 1.0555751316061706                         0.22326551992770524
 1.1058406140636072                         0.19764523716558982
 1.156106096521044                         0.1711481104526261
 1.2063715789784806                         0.14382477826066542
 1.2566370614359172                         0.11572897376148493
 1.306902543893354                         0.08691756111956073
 1.3571680263507908                         0.057450562714671874
 1.4074335088082275                         0.02739117402156948
 1.4576989912656642                         -0.003194237275925803
 1.5079644737231008                         -0.0342361514404418
 1.5582299561805375                         -0.06566193961076743
 1.6084954386379742                         -0.09739593291798114
 1.6587609210954108                         -0.12935952100404874
 1.7090264035528475                         -0.16147128284998225
 1.7592918860102842                         -0.19364715239275423
 1.8095573684677209                         -0.2258006208609626
 1.8598228509251575                         -0.2578429770910435
 1.9100883333825944                         -0.28968358630639046
 1.960353815840031                         -0.32123020696482973
 2.0106192982974678                         -0.3523893443256033
 2.0608847807549044                         -0.38306663838161015
 2.111150263212341                         -0.4131672827781111
 2.161415745669778                         -0.4425964703320647
 2.2116812281272145                         -0.47125985981658164
 2.261946710584651                         -0.4990640578238602
 2.312212193042088                         -0.5259171088076997
 2.3624776754995245                         -0.5517289858703375
 2.412743157956961                         -0.5764120745292916
 2.463008640414398                         -0.599881641601605
 2.5132741228718345                         -0.6220562814891506
 2.563539605329271                         -0.6428583325422268
 2.613805087786708                         -0.6622142568107345
 2.6640705702441445                         -0.6800549773425534
 2.7143360527015816                         -0.6963161682266912
 2.7646015351590183                         -0.7109384937650048
 2.814867017616455                         -0.7238677944449843
 2.8651325000738916                         -0.7350552187277228
 2.9153979825313283                         -0.7444573010093644
 2.965663464988765                         -0.7520359874125914
 3.0159289474462017                         -0.7577586122731944
 3.0661944299036383                         -0.7615978292681774
 3.116459912361075                         -0.7635315020571104
 3.1667253948185117                         -0.7635425600574833
 3.2169908772759483                         -0.761618825536828
 3.267256359733385                         -0.7577528185773904
 3.3175218421908217                         -0.7519415466590719
 3.3677873246482584                         -0.7441862856257232
 3.418052807105695                         -0.7344923586661433
 3.4683182895631317                         -0.7228689196750653
 3.5185837720205684                         -0.7093287469833516
 3.568849254478005                         -0.6938880529829125
 3.6191147369354417                         -0.6765663146415192
 3.6693802193928784                         -0.6573861293242217
 3.719645701850315                         -0.6363730997267446
 3.769911184307752                         -0.6135557510934206
 3.820176666765189                         -0.5889654832452358
 3.8704421492226255                         -0.5626365592856402
 3.920707631680062                         -0.5346061321822946
 3.970973114137499                         -0.5049143097378667
 4.0212385965949355                         -0.47360425775559195
 4.071504079052372                         -0.4407223404668677
 4.121769561509809                         -0.406318296508969
 4.172035043967245                         -0.37044544791158196
 4.222300526424682                         -0.33316093866318625
 4.2725660088821185                         -0.2945259984772551
 4.322831491339556                         -0.25460622636307784
 4.373096973796993                         -0.21347188753214755
 4.423362456254429                         -0.17119821605164334
 4.473627938711866                         -0.12786571451405518
 4.523893421169302                         -0.08356044085962609
 4.574158903626739                         -0.038374271410864566
 4.624424386084176                         0.007594871787241206
 4.674689868541613                         0.054242842013152215
 4.724955350999049                         0.10145915051983802
 4.775220833456486                         0.14912692419372367
 4.825486315913922                         0.19712295137731883
 4.875751798371359                         0.24531782825005136
 4.926017280828796                         0.293576216814004
 4.976282763286233                         0.34175722354464294
 5.026548245743669                         0.3897149051181794
 5.076813728201106                         0.43729890433188173
 5.127079210658542                         0.4843552154518383
 5.1773446931159794                         0.5307270738649259
 5.227610175573416                         0.5762559602397431
 5.277875658030853                         0.6207827046239354
 5.328141140488289                         0.6641486712694954
 5.378406622945726                         0.7061970007533173
 5.428672105403163                         0.7467738824214558
 5.4789375878605995                         0.7857298275875582
 5.529203070318037                         0.8229209124722096
 5.579468552775473                         0.8582099597302963
 5.62973403523291                         0.8914676286469518
 5.679999517690346                         0.9225733866670947
 5.730265000147783                         0.9514163387438646
 5.7805304826052195                         0.9778958958466203
 5.830795965062657                         1.0019222695889554
 5.881061447520093                         1.0234167860036536
 5.93132692997753                         1.042312017666618
 5.981592412434966                         1.0585517393251977
 6.031857894892403                         1.0720907176211558
 6.0821233773498395                         1.0828943501724284
 6.132388859807277                         1.090938173017369
 6.182654342264713                         1.0962072581324602
 6.23291982472215                         1.0986955243864218
 6.283185307179586                         1.0984049859347076
 6.333450789637023                         1.0953449617884483
 6.38371627209446                         1.089531269251192
 6.433981754551897                         1.080985422269885
 6.484247237009334                         1.069733853666931
 6.53451271946677                         1.0558071778769795
 6.584778201924207                         1.039239508359421
 6.635043684381643                         1.020067841427083
 6.6853091668390805                         0.9983315159280934
 6.735574649296517                         0.9740717561175339
 6.785840131753954                         0.9473313032064369
 6.83610561421139                         0.9181541394998767
 6.886371096668827                         0.8865853077321741
 6.936636579126263                         0.8526708271546658
 6.9869020615837005                         0.8164577070928183
 7.037167544041137                         0.7779940580143299
 7.087433026498574                         0.7373292995775809
 7.13769850895601                         0.6945144645918069
 7.187963991413447                         0.6496025972423444
 7.2382294738708834                         0.6026492432380753
 7.288494956328321                         0.5537130286438796
 7.338760438785757                         0.5028563229893378
 7.389025921243194                         0.45014598072092116
 7.43929140370063                         0.39565415312154895
 7.489556886158067                         0.3394591604057525
 7.539822368615504                         0.2816464107791004
 7.590087851072941                         0.2223093498255701
 7.640353333530378                         0.16155041969541886
 7.690618815987814                         0.09948200329998842
 7.740884298445251                         0.03622732423319316
 7.791149780902687                         -0.028078731340573832
 7.841415263360124                         -0.09328890875977765
 7.891680745817561                         -0.1592430362985849
 7.941946228274998                         -0.2257676776786053
 7.992211710732434                         -0.29267603005112275
 8.042477193189871                         -0.35976811035425643
 8.092742675647308                         -0.42683126883205796
 8.143008158104744                         -0.49364106138673924
 8.19327364056218                         -0.559962502127251
 8.243539123019618                         -0.6255517040292016
 8.293804605477055                         -0.6901578993902665
 8.34407008793449                         -0.7535258134506632
 8.394335570391927                         -0.8153983451880125
 8.444601052849364                         -0.8755194902177711
 8.494866535306802                         -0.9336374234513791
 8.545132017764237                         -0.989507645244103
 8.595397500221674                         -1.0428960856285503
 8.645662982679111                         -1.0935820579847373
 8.695928465136548                         -1.1413609567699217
 8.746193947593985                         -1.1860466037573691
 8.79645943005142                         -1.227473163022644
 8.846724912508858                         -1.2654965655009538
 8.896990394966295                         -1.2999954077022915
 8.947255877423732                         -1.3308713142348776
 8.997521359881167                         -1.358048778232316
 9.047786842338605                         -1.3814745158587327
 9.098052324796042                         -1.4011163893805703
 9.148317807253479                         -1.4169619669105211
 9.198583289710914                         -1.4290167954259263
 9.248848772168351                         -1.4373024671065502
 9.299114254625788                         -1.4418545579010875
 9.349379737083225                         -1.4427205122919011
 9.39964521954066                         -1.4399575404286213
 9.449910701998098                         -1.4336305841396382
 9.500176184455535                         -1.4238103977527146
 9.550441666912972                         -1.4105717789858316
 9.600707149370407                         -1.3939919750648808
 9.650972631827845                         -1.374149280161961
 9.701238114285282                         -1.3511218325264218
 9.751503596742719                         -1.3249866134442623
 9.801769079200156                         -1.2958186454270297
 9.852034561657591                         -1.2636903837207962
 9.902300044115028                         -1.2286712931960957
 9.952565526572466                         -1.190827601749121
 10.002831009029903                         -1.1502222213131021
 10.053096491487338                         -1.1069148282433268
 10.103361973944775                         -1.06096209600214
 10.153627456402212                         -1.0124180745439937
 10.20389293885965                         -0.9613347124083661
 10.254158421317085                         -0.9077625191016229
 10.304423903774522                         -0.8517513667234314
 10.354689386231959                         -0.7933514308043742
 10.404954868689396                         -0.7326142707988307
 10.455220351146831                         -0.6695940504420809
 10.505485833604268                         -0.6043488970438882
 10.555751316061706                         -0.5369423965556814
 10.606016798519143                         -0.4674452177173864
 10.656282280976578                         -0.39593685357848435
 10.706547763434015                         -0.3225074620460679
 10.756813245891452                         -0.24725977875567304
 10.80707872834889                         -0.17031106550858915
 10.857344210806327                         -0.09179504594542237
 10.907609693263762                         -0.011863767409566668
 10.957875175721199                         0.06931068526569781
 11.008140658178636                         0.15153471109772418
 11.058406140636073                         0.23459204756688343
 11.108671623093509                         0.31824306449306233
 11.158937105550946                         0.40222460600133136
 11.209202588008383                         0.4862504853814163
 11.25946807046582                         0.5700127250910347
 11.309733552923255                         0.6531836118320511
 11.359999035380692                         0.735418604085631
 11.41026451783813                         0.8163600873652084
 11.460530000295567                         0.8956419226947253
 11.510795482753002                         0.9728946797988065
 11.561060965210439                         1.0477513927926185
 11.611326447667876                         1.1198536281923959
 11.661591930125313                         1.1888576184044604
 11.711857412582749                         1.2544401934108778
 11.762122895040186                         1.3163042425957194
 11.812388377497623                         1.3741834588427395
 11.86265385995506                         1.427846156979394
 11.912919342412497                         1.477098014703893
 11.963184824869932                         1.5217836507246048
 12.01345030732737                         1.5617870252548571
 12.063715789784807                         1.5970307154005776
 12.113981272242244                         1.6274741763421157
 12.164246754699679                         1.6531111441097603
 12.214512237157116                         1.6739663647410674
 12.264777719614553                         1.6900918472856559
 12.31504320207199                         1.70156283586385
 12.365308684529426                         1.7084736814578962
 12.415574166986863                         1.710933770709015
 12.4658396494443                         1.709063640273941
 12.516105131901737                         1.7029913745537555
 12.566370614359172                         1.692849354570461
 12.61663609681661                         1.678771398443069
 12.666901579274047                         1.6608903105830204
 12.717167061731484                         1.6393358380092327
 12.76743254418892                         1.6142330181676032
 12.817698026646356                         1.5857008930384968
 12.867963509103793                         1.5538515585988215
 12.91822899156123                         1.5187895162234908
 12.968494474018668                         1.4806112926877792
 13.018759956476103                         1.439405297426608
 13.06902543893354                         1.3952518890517882
 13.119290921390977                         1.3482236273465753
 13.169556403848414                         1.2983856916631624
 13.21982188630585                         1.2457964515407858
 13.270087368763287                         1.1905081802061361
 13.320352851220724                         1.1325679062304155
 13.370618333678161                         1.072018402846723
 13.420883816135596                         1.008899318138213
 13.471149298593033                         0.9432484523473844
 13.52141478105047                         0.8751031907648541
 13.571680263507908                         0.8045021018328293
 13.621945745965343                         0.7314867100011342
 13.67221122842278                         0.6561034512103544
 13.722476710880217                         0.5784058153096288
 13.772742193337654                         0.4984566738745769
 13.82300767579509                         0.4163307833955329
 13.873273158252527                         0.3321174423164506
 13.923538640709964                         0.24592326568192796
 13.973804123167401                         0.157875023146651
 14.024069605624838                         0.068122465074071
 14.074335088082274                         -0.0231589619143609
 14.12460057053971                         -0.11576563303574679
 14.174866052997148                         -0.20946364382284563
 14.225131535454585                         -0.30398725591077413
 14.27539701791202                         -0.3990380705285078
 14.325662500369457                         -0.4942851130879223
 14.375927982826894                         -0.5893660009818901
 14.426193465284332                         -0.6838893378431312
 14.476458947741767                         -0.7774384290232016
 14.526724430199204                         -0.8695763449106572
 14.576989912656641                         -0.9598522736289756
 14.627255395114078                         -1.047809008449501
 14.677520877571514                         -1.1329913166959829
 14.72778636002895                         -1.2149548469519633
 14.778051842486388                         -1.2932751616948963
 14.828317324943825                         -1.3675564435986312
 14.87858280740126                         -1.4374394230458414
 14.928848289858697                         -1.5026081144745305
 14.979113772316135                         -1.5627950270486226
 15.029379254773572                         -1.6177846224420651
 15.079644737231009                         -1.667414916879166
 15.129910219688444                         -1.7115772516773209
 15.180175702145881                         -1.750214372563333
 15.230441184603318                         -1.7833170517746548
 15.280706667060755                         -1.8109195512800969
 15.33097214951819                         -1.8330942578398632
 15.381237631975628                         -1.8499458228100392
 15.431503114433065                         -1.8616051165666458
 15.481768596890502                         -1.8682232660696243
 15.532034079347937                         -1.8699659918603155
 15.582299561805375                         -1.8670084046008606
 15.632565044262812                         -1.859530366764473
 15.682830526720249                         -1.8477124763033774
 15.733096009177684                         -1.8317326884590446
 15.783361491635121                         -1.8117635603189315
 15.833626974092558                         -1.7879700801525642
 15.883892456549995                         -1.7605080291263184
 15.93415793900743                         -1.7295228154358253
 15.984423421464868                         -1.6951487187893393
 16.034688903922305                         -1.6575084851386692
 16.084954386379742                         -1.6167132163478433
 16.13521986883718                         -1.5728625060801917
 16.185485351294616                         -1.5260447807590762
 16.235750833752054                         -1.4763378124111017
 16.286016316209487                         -1.4238093781077523
 16.336281798666924                         -1.3685180483000607
 16.38654728112436                         -1.3105140934156256
 16.4368127635818                         -1.249840504553522
 16.487078246039236                         -1.186534129905011
 16.537343728496673                         -1.1206269335920391
 16.58760921095411                         -1.0521473878834573
 16.637874693411547                         -0.9811220131180524
 16.68814017586898                         -0.907577081978244
 16.738405658326418                         -0.8315405057948818
 16.788671140783855                         -0.753043920019303
 16.838936623241292                         -0.6721249834873678
 16.88920210569873                         -0.5888299011565106
 16.939467588156166                         -0.503216172095893
 16.989733070613603                         -0.4153555531051281
 17.03999855307104                         -0.3253372129258995
 17.090264035528474                         -0.23327103223122567
 17.14052951798591                         -0.13929098034196088
 17.190795000443348                         -0.0435584712860178
 17.241060482900785                         0.053734429622816965
 17.291325965358222                         0.15236211022503507
 17.34159144781566                         0.25206301968802397
 17.391856930273097                         0.3525379988934176
 17.442122412730534                         0.45344956708118267
 17.49238789518797                         0.5544223987576024
 17.542653377645404                         0.6550452039269666
 17.59291886010284                         0.7548741785430838
 17.64318434256028                         0.8534381185657576
 17.693449825017716                         0.950245191372215
 17.743715307475153                         1.0447912380045585
 17.79398078993259                         1.1365693488932596
 17.844246272390027                         1.2250803283106981
 17.894511754847464                         1.3098435552190302
 17.944777237304898                         1.3904076764757978
 17.995042719762335                         1.4663605453654185
 18.045308202219772                         1.5373378508752065
 18.09557368467721                         1.6030299698733963
 18.145839167134646                         1.6631867060490688
 18.196104649592083                         1.7176197401069353
 18.24637013204952                         1.766202785411886
 18.296635614506958                         1.80886960194905
 18.346901096964395                         1.8456101521843282
 18.397166579421828                         1.8764652739062764
 18.447432061879265                         1.9015202928553847
 18.497697544336702                         1.9208980037319845
 18.54796302679414                         1.9347514187886612
 18.598228509251577                         1.9432566283558728
 18.648493991709014                         1.9466060479026914
 18.69875947416645                         1.9450022513868932
 18.749024956623888                         1.9386525185975128
 18.79929043908132                         1.9277641604531004
 18.84955592153876                         1.912540633931775
 18.899821403996196                         1.893178418588161
 18.950086886453633                         1.869864599052551
 19.00035236891107                         1.842775081123336
 19.050617851368507                         1.812073361162676
 19.100883333825944                         1.7779097674560316
 19.15114881628338                         1.7404210960776283
 19.201414298740815                         1.6997305709508208
 19.251679781198252                         1.6559480668575166
 19.30194526365569                         1.6091705441105744
 19.352210746113126                         1.5594826537271775
 19.402476228570563                         1.5069574817447682
 19.452741711028                         1.4516574105109956
 19.503007193485438                         1.3936350832011244
 19.553272675942875                         1.3329344654083362
 19.603538158400312                         1.2695920044037283
 19.653803640857745                         1.2036378925806999
 19.704069123315183                         1.1350974466792751
 19.75433460577262                         1.0639926185917647
 19.804600088230057                         0.9903436567888951
 19.854865570687494                         0.9141709395093093
 19.90513105314493                         0.8354970015717382
 19.955396535602368                         0.7543487756467954
 20.005662018059805                         0.6707600656112078
 20.05592750051724                         0.5847742636538714
 20.106192982974676                         0.49644731349223836
 20.156458465432113                         0.40585090874801966
 20.20672394788955                         0.3130758976383498
 20.256989430346987                         0.21823584225337614
 20.307254912804424                         0.12147065274352285
 20.35752039526186                         0.022950184203334625
 20.4077858777193                         -0.07712235183476883
 20.458051360176736                         -0.1785073463346898
 20.50831684263417                         -0.28092634174208364
 20.558582325091606                         -0.3840604181909236
 20.608847807549044                         -0.48754967888021766
 20.65911329000648                         -0.5909940922790038
 20.709378772463918                         -0.6939559194261258
 20.759644254921355                         -0.7959638955329514
 20.809909737378792                         -0.8965192446829238
 20.86017521983623                         -0.9951034872080841
 20.910440702293663                         -1.0911878590596773
 20.9607061847511                         -1.1842440142301498
 21.010971667208537                         -1.2737555423215285
 21.061237149665974                         -1.3592297229101704
 21.11150263212341                         -1.4402088742800199
 21.16176811458085                         -1.5162806492442005
 21.212033597038285                         -1.5870866899677065
 21.262299079495723                         -1.6523291721326654
 21.312564561953156                         -1.7117749324369498
 21.362830044410593                         -1.7652570615092469
 21.41309552686803                         -1.812674033198222
 21.463361009325467                         -1.8539866086305292
 21.513626491782905                         -1.889212882353706
 21.56389197424034                         -1.9184219186164344
 21.61415745669778                         -1.9417264566384962
 21.664422939155216                         -1.9592751496760983
 21.714688421612653                         -1.9712447536074629
 21.764953904070087                         -1.9778326086930709
 21.815219386527524                         -1.9792496751138928
 21.86548486898496                         -1.9757142991707308
 21.915750351442398                         -1.9674468103312461
 21.966015833899835                         -1.9546649844717165
 22.016281316357272                         -1.9375803579117648
 22.06654679881471                         -1.9163953403631093
 22.116812281272146                         -1.8913010514799946
 22.16707776372958                         -1.8624757932786284
 22.217343246187017                         -1.8300840669434224
 22.267608728644454                         -1.7942760451552624
 22.31787421110189                         -1.755187418011509
 22.36813969355933                         -1.7129395401683327
 22.418405176016766                         -1.667639817718044
 22.468670658474203                         -1.6193822845725425
 22.51893614093164                         -1.5682483291226026
 22.569201623389077                         -1.5143075422907792
 22.61946710584651                         -1.4576186675853946
 22.669732588303948                         -1.3982306423123558
 22.719998070761385                         -1.3361837267055399
 22.770263553218822                         -1.2715107244270316
 22.82052903567626                         -1.2042383037014
 22.870794518133696                         -1.134388433296022
 22.921060000591133                         -1.061979951608906
 22.97132548304857                         -0.9870302901776211
 23.021590965506004                         -0.9095573747962461
 23.07185644796344                         -0.8295817278432535
 23.122121930420878                         -0.7471287939967979
 23.172387412878315                         -0.6622315077506881
 23.222652895335752                         -0.5749331144505369
 23.27291837779319                         -0.48529024627978273
 23.323183860250627                         -0.39337624005700267
 23.373449342708064                         -0.29928466424955524
 23.423714825165497                         -0.20313299786060068
 23.473980307622934                         -0.10506637379066894
 23.52424579008037                         -0.00526126450753889
 23.57451127253781                         0.09607105015919215
 23.624776754995246                         0.19868143197973578
 23.675042237452683                         0.30228048444765304
 23.72530771991012                         0.40653706566894715
 23.775573202367557                         0.5110779882675861
 23.825838684824994                         0.6154891719399989
 23.876104167282428                         0.7193184781756456
 23.926369649739865                         0.8220803886352386
 23.976635132197302                         0.9232625876802413
 24.02690061465474                         1.022334379284068
 24.077166097112176                         1.1187567183829277
 24.127431579569613                         1.2119934815391977
 24.17769706202705                         1.3015234606155308
 24.227962544484487                         1.3868524564003708
 24.27822802694192                         1.4675247948936605
 24.328493509399358                         1.543133599227414
 24.378758991856795                         1.613329227801516
 24.429024474314232                         1.6778254266290453
 24.47928995677167                         1.7364029241918544
 24.529555439229107                         1.788910397078214
 24.579820921686544                         1.8352629291591702
 24.63008640414398                         1.8754382535589662
 24.680351886601418                         1.9094711889772793
 24.73061736905885                         1.9374467520536027
 24.78088285151629                         1.9594924457390912
 24.831148333973726                         1.9757701971261188
 24.881413816431163                         1.9864683582446137
 24.9316792988886                         1.9917941029662816
 24.981944781346037                         1.9919664647234092
 25.032210263803474                         1.9872101734171737
 25.08247574626091                         1.9777503728865968
 25.132741228718345                         1.9638082368459822
