   0.0000000000000000                                0.0000000000000000     
   1.0000000000000000E-002                           9.3494158984946705E-005
   2.0000000000000000E-002                           3.7390654608735830E-004
   2.9999999999999999E-002                           8.4102693246381399E-004
   4.0000000000000001E-002                           1.4945050682454858E-003
   5.0000000000000003E-002                           2.3338508797738750E-003
   5.9999999999999998E-002                           3.3584347455924077E-003
   7.0000000000000007E-002                           4.5674878510555328E-003
   8.0000000000000002E-002                           5.9601026213775520E-003
   8.9999999999999997E-002                           7.5352332329040612E-003
  0.10000000000000001                                9.2916962023496738E-003
  0.11000000000000000                                1.1228171053706560E-002
  0.12000000000000000                                1.3343201062489377E-002
  0.13000000000000000                                1.5635194076943349E-002
  0.14000000000000001                                1.8102423415803603E-002
  0.14999999999999999                                2.0743028842155453E-002
  0.16000000000000000                                2.3555017612907032E-002
  0.17000000000000001                                2.6536265603347743E-002
  0.17999999999999999                                2.9684518506228177E-002
  0.19000000000000000                                3.2997393104759687E-002
  0.20000000000000001                                3.6472378618894623E-002
  0.20999999999999999                                4.0106838124211258E-002
  0.22000000000000000                                4.3898010042690915E-002
  0.23000000000000001                                4.7843009704638548E-002
  0.23999999999999999                                5.1938830980962067E-002
  0.25000000000000000                                5.6182347984990243E-002
  0.26000000000000001                                6.0570316842973843E-002
  0.27000000000000002                                6.5099377532379959E-002
  0.28000000000000003                                6.9766055787055040E-002
  0.28999999999999998                                7.4566765068298471E-002
  0.29999999999999999                                7.9497808600854883E-002
  0.31000000000000000                                8.4555381472800575E-002
  0.32000000000000001                                8.9735572798266869E-002
  0.33000000000000002                                9.5034367941911307E-002
  0.34000000000000002                               0.10044765080401596     
  0.35000000000000003                               0.10597120616506146     
  0.35999999999999999                               0.11160072208859474     
  0.37000000000000000                               0.11733179238117863     
  0.38000000000000000                               0.12315991910818244     
  0.39000000000000001                               0.12908051516414362     
  0.40000000000000002                               0.13508890689640285     
  0.41000000000000003                               0.14118033678068723     
  0.41999999999999998                               0.14734996614728937     
  0.42999999999999999                               0.15359287795646434     
  0.44000000000000000                               0.15990407962164027     
  0.45000000000000001                               0.16627850587901424     
  0.46000000000000002                               0.17271102170208019     
  0.47000000000000003                               0.17919642525961268     
  0.47999999999999998                               0.18572945091560694     
  0.48999999999999999                               0.19230477226965403     
  0.50000000000000000                               0.19891700523620831     
  0.51000000000000001                               0.20556071116118363     
  0.52000000000000002                               0.21223039997429513     
  0.53000000000000003                               0.21892053337554387     
  0.54000000000000004                               0.22562552805422362     
  0.55000000000000004                               0.23233975893881104     
  0.56000000000000005                               0.23905756247608401     
  0.57000000000000006                               0.24577323993779651     
  0.57999999999999996                               0.25248106075322346     
  0.58999999999999997                               0.25917526586587397     
  0.59999999999999998                               0.26585007111265835     
  0.60999999999999999                               0.27249967062378133     
  0.62000000000000000                               0.27911824024162113     
  0.63000000000000000                               0.28569994095684392     
  0.64000000000000001                               0.29223892235999227     
  0.65000000000000002                               0.29872932610677638     
  0.66000000000000003                               0.30516528939528920     
  0.67000000000000004                               0.31154094845335722     
  0.68000000000000005                               0.31785044203423357     
  0.69000000000000006                               0.32408791491883210     
  0.70000000000000007                               0.33024752142269737     
  0.70999999999999996                               0.33632342890589995     
  0.71999999999999997                               0.34230982128404380     
  0.72999999999999998                               0.34820090253856928     
  0.73999999999999999                               0.35399090022453361     
  0.75000000000000000                               0.35967406897404991     
  0.76000000000000001                               0.36524469399356579     
  0.77000000000000002                               0.37069709455316335     
  0.78000000000000003                               0.37602562746606377     
  0.79000000000000004                               0.38122469055652292     
  0.80000000000000004                               0.38628872611430753     
  0.81000000000000005                               0.39121222433394542     
  0.82000000000000006                               0.39598972673694921     
  0.83000000000000007                               0.40061582957521846     
  0.83999999999999997                               0.40508518721383224     
  0.84999999999999998                               0.40939251549145211     
  0.85999999999999999                               0.41353259505656403     
  0.87000000000000000                               0.41750027467779677     
  0.88000000000000000                               0.42129047452656609     
  0.89000000000000001                               0.42489818943030322     
  0.90000000000000002                               0.42831849209454015     
  0.91000000000000003                               0.43154653629213602     
  0.92000000000000004                               0.43457756001794257     
  0.93000000000000005                               0.43740688860722221     
  0.94000000000000006                               0.44002993781614652     
  0.95000000000000007                               0.44244221686271951     
  0.95999999999999996                               0.44463933142648787     
  0.96999999999999997                               0.44661698660541677     
  0.97999999999999998                               0.44837098982832940     
  0.98999999999999999                               0.44989725372132799     
   1.0000000000000000                               0.45119179892663336     
   1.0100000000000000                               0.45225075687230160     
   1.0200000000000000                               0.45307037249129828     
   1.0300000000000000                               0.45364700688843296     
   1.0400000000000000                               0.45397713995367928     
   1.0500000000000000                               0.45405737292043136     
   1.0600000000000001                               0.45388443086727032     
   1.0700000000000001                               0.45345516516184109     
   1.0800000000000001                               0.45276655584546549     
   1.0900000000000001                               0.45181571395714426     
   1.1000000000000001                               0.45059988379562815     
   1.1100000000000001                               0.44911644511826637     
   1.1200000000000001                               0.44736291527536959     
   1.1300000000000001                               0.44533695127885364     
   1.1400000000000001                               0.44303635180396062     
   1.1500000000000001                               0.44045905912288419     
   1.1599999999999999                               0.43760316096915780     
   1.1699999999999999                               0.43446689233169555     
   1.1799999999999999                               0.43104863717740854     
   1.1899999999999999                               0.42734693010135194     
   1.2000000000000000                               0.42336045790339200     
   1.2100000000000000                               0.41908806109041580     
   1.2200000000000000                               0.41452873530314133     
   1.2300000000000000                               0.40968163266662033     
   1.2400000000000000                               0.40454606306356222     
   1.2500000000000000                               0.39912149532964292     
   1.2600000000000000                               0.39340755836999880     
   1.2700000000000000                               0.38740404219614366     
   1.2800000000000000                               0.38111089888258276     
   1.2900000000000000                               0.37452824344243635     
   1.3000000000000000                               0.36765635462142277     
   1.3100000000000001                               0.36049567560959023     
   1.3200000000000001                               0.35304681467022436     
   1.3300000000000001                               0.34531054568539821     
   1.3400000000000001                               0.33728780861767049     
   1.3500000000000001                               0.32897970988747804     
   1.3600000000000001                               0.32038752266580767     
   1.3700000000000001                               0.31151268708177354     
   1.3800000000000001                               0.30235681034476652     
   1.3900000000000001                               0.29292166678088205     
   1.4000000000000001                               0.28320919778337467     
   1.4099999999999999                               0.27322151167692832     
   1.4199999999999999                               0.26296088349557256     
   1.4299999999999999                               0.25242975467411605     
   1.4399999999999999                               0.24163073265301060     
   1.4500000000000000                               0.23056659039660077     
   1.4600000000000000                               0.21924026582475498     
   1.4700000000000000                               0.20765486115791687     
   1.4800000000000000                               0.19581364217565653     
   1.4900000000000000                               0.18372003738884393     
   1.5000000000000000                               0.17137763712560811     
   1.5100000000000000                               0.15879019253128790     
   1.5200000000000000                               0.14596161448262179     
   1.5300000000000000                               0.13289597241646614     
   1.5400000000000000                               0.11959749307337279     
   1.5500000000000000                               0.10607055915639907     
   1.5600000000000001                                9.2319707905564041E-002
   1.5700000000000001                                7.8349629588406994E-002
   1.5800000000000001                                6.4165165907145036E-002
   1.5900000000000001                                4.9771308322967805E-002
   1.6000000000000001                                3.5173196298048479E-002
   1.6100000000000001                                2.0376115455890693E-002
   1.6200000000000001                                5.3854956606717661E-003
   1.6300000000000001                               -9.7930909837172751E-003
   1.6400000000000001                               -2.5153932214194253E-002
   1.6500000000000001                               -4.0691177767790618E-002
   1.6600000000000001                               -5.6398841618918671E-002
   1.6699999999999999                               -7.2270804293742316E-002
   1.6799999999999999                               -8.8300815260753479E-002
   1.6899999999999999                              -0.10448249539661811     
   1.7000000000000000                              -0.12080933952631737     
   1.7100000000000000                              -0.13727471903657193     
   1.7200000000000000                              -0.15387188456150022     
   1.7300000000000000                              -0.17059396873942417     
   1.7400000000000000                              -0.18743398903969996     
   1.7500000000000000                              -0.20438485065841508     
   1.7600000000000000                              -0.22143934948175742     
   1.7700000000000000                              -0.23859017511582731     
   1.7800000000000000                              -0.25582991398162869     
   1.7900000000000000                              -0.27315105247394172     
   1.8000000000000000                              -0.29054598018274574     
   1.8100000000000001                              -0.30800699317582830     
   1.8200000000000001                              -0.32552629734118393     
   1.8300000000000001                              -0.34309601178777460     
   1.8400000000000001                              -0.36070817230319241     
   1.8500000000000001                              -0.37835473486673477     
   1.8600000000000001                              -0.39602757921637249     
   1.8700000000000001                              -0.41371851246806157     
   1.8800000000000001                              -0.43141927278582132     
   1.8900000000000001                              -0.44912153310097352     
   1.9000000000000001                              -0.46681690487890981     
   1.9100000000000001                              -0.48449694193172804     
   1.9199999999999999                              -0.50215314427505320     
   1.9299999999999999                              -0.51977696202733215     
   1.9399999999999999                              -0.53735979934986888     
   1.9500000000000000                              -0.55489301842584116     
   1.9600000000000000                              -0.57236794347651898     
   1.9700000000000000                              -0.58977586481288202     
   1.9800000000000000                              -0.60710804292081111     
   1.9900000000000000                              -0.62435571257801115     
   2.0000000000000000                              -0.64151008700079981     
   2.0100000000000002                              -0.65856236201888063     
   2.0200000000000000                              -0.67550372027619865     
   2.0300000000000002                              -0.69232533545596209     
   2.0400000000000000                              -0.70901837652789423     
   2.0499999999999998                              -0.72557401201576810     
   2.0600000000000001                              -0.74198341428325776     
   2.0699999999999998                              -0.75823776383613006     
   2.0800000000000001                              -0.77432825363878577     
   2.0899999999999999                              -0.79024609344314745     
   2.1000000000000001                              -0.80598251412788091     
   2.1099999999999999                              -0.82152877204592711     
   2.1200000000000001                              -0.83687615337831089     
   2.1299999999999999                              -0.85201597849218658     
   2.1400000000000001                              -0.86693960630107159     
   2.1499999999999999                              -0.88163843862521329     
   2.1600000000000001                              -0.89610392455002930     
   2.1699999999999999                              -0.91032756478055588     
   2.1800000000000002                              -0.92430091598983688     
   2.1899999999999999                              -0.93801559515918087     
   2.2000000000000002                              -0.95146328390821522     
   2.2100000000000000                              -0.96463573281266213     
   2.2200000000000002                              -0.97752476570776425     
   2.2300000000000000                              -0.99012228397528679     
   2.2400000000000002                               -1.0024202708120267     
   2.2500000000000000                               -1.0144107954777604     
   2.2600000000000002                               -1.0260860175205684     
   2.2700000000000000                               -1.0374381909774775     
   2.2800000000000002                               -1.0484596685483683     
   2.2900000000000000                               -1.0591429057411019     
   2.3000000000000003                               -1.0694804649858292     
   2.3100000000000001                               -1.0794650197164526     
   2.3199999999999998                               -1.0890893584172205     
   2.3300000000000001                               -1.0983463886324469     
   2.3399999999999999                               -1.1072291409373580     
   2.3500000000000001                               -1.1157307728680803     
   2.3599999999999999                               -1.1238445728088002     
   2.3700000000000001                               -1.1315639638341382     
   2.3799999999999999                               -1.1388825075047933     
   2.3900000000000001                               -1.1457939076145356     
   2.3999999999999999                               -1.1522920138866364     
   2.4100000000000001                               -1.1583708256178460     
   2.4199999999999999                               -1.1640244952680467     
   2.4300000000000002                               -1.1692473319937320     
   2.4399999999999999                               -1.1740338051234767     
   2.4500000000000002                               -1.1783785475735931     
   2.4600000000000000                               -1.1822763592021819     
   2.4700000000000002                               -1.1857222100998177     
   2.4800000000000000                               -1.1887112438151268     
   2.4900000000000002                               -1.1912387805135447     
   2.5000000000000000                               -1.1933003200675627     
   2.5100000000000002                               -1.1948915450768032     
   2.5200000000000000                               -1.1960083238162886     
   2.5300000000000002                               -1.1966467131112961     
   2.5400000000000000                               -1.1968029611372233     
   2.5500000000000003                               -1.1964735101429149     
   2.5600000000000001                               -1.1956549990959362     
   2.5699999999999998                               -1.1943442662483055     
   2.5800000000000001                               -1.1925383516212336     
   2.5899999999999999                               -1.1902344994074492     
   2.6000000000000001                               -1.1874301602897237     
   2.6099999999999999                               -1.1841229936742421     
   2.6200000000000001                               -1.1803108698375033     
   2.6299999999999999                               -1.1759918719854663     
   2.6400000000000001                               -1.1711642982236983     
   2.6499999999999999                               -1.1658266634373140     
   2.6600000000000001                               -1.1599777010795360     
   2.6699999999999999                               -1.1536163648677427     
   2.6800000000000002                               -1.1467418303859100     
   2.6899999999999999                               -1.1393534965923906     
   2.7000000000000002                               -1.1314509872320175     
   2.7100000000000000                               -1.1230341521515559     
   2.7200000000000002                               -1.1141030685175697     
   2.7300000000000000                               -1.1046580419358127     
   2.7400000000000002                               -1.0946996074712925     
   2.7500000000000000                               -1.0842285305681996     
   2.7600000000000002                               -1.0732458078689391     
   2.7700000000000000                               -1.0617526679315419     
   2.7800000000000002                               -1.0497505718447790     
   2.7900000000000000                               -1.0372412137403471     
   2.8000000000000003                               -1.0242265212015338     
   2.8100000000000001                               -1.0107086555678242     
   2.8199999999999998                              -0.99669001213494535     
   2.8300000000000001                              -0.98217322024990106     
   2.8399999999999999                              -0.96716114330058733     
   2.8500000000000001                              -0.95165687859963066     
   2.8599999999999999                              -0.93566375716213435     
   2.8700000000000001                              -0.91918534337706759     
   2.8799999999999999                              -0.90222543457207649     
   2.8900000000000001                              -0.88478806047154535     
   2.8999999999999999                              -0.86687748254778352     
   2.9100000000000001                              -0.84849819326526021     
   2.9199999999999999                              -0.82965491521785795     
   2.9300000000000002                              -0.81035260015916311     
   2.9399999999999999                              -0.79059642792586005     
   2.9500000000000002                              -0.77039180525434292     
   2.9600000000000000                              -0.74974436449070858     
   2.9700000000000002                              -0.72865996219434082     
   2.9800000000000000                              -0.70714467763534483     
   2.9900000000000002                              -0.68520481118614018     
   3.0000000000000000                              -0.66284688260756652     
   3.0100000000000002                              -0.64007762922990652     
   3.0200000000000000                              -0.61690400402927759     
   3.0300000000000002                              -0.59333317359989168     
   3.0400000000000000                              -0.56937251602273153     
   3.0500000000000003                              -0.54502961863123811     
   3.0600000000000001                              -0.52031227567465277     
   3.0700000000000003                              -0.49522848587970414     
   3.0800000000000001                              -0.46978644991137791     
   3.0899999999999999                              -0.44399456773355434     
   3.1000000000000001                              -0.41786143587034469     
   3.1099999999999999                              -0.39139584456900534     
   3.1200000000000001                              -0.36460677486535359     
   3.1299999999999999                              -0.33750339555265607     
   3.1400000000000001                              -0.31009506005500542     
   3.1499999999999999                              -0.28239130320624750     
   3.1600000000000001                              -0.25440183793556481     
   3.1699999999999999                              -0.22613655186086762     
   3.1800000000000002                              -0.19760550379118835     
   3.1899999999999999                              -0.16881892013931760     
   3.2000000000000002                              -0.13978719124596503     
   3.2100000000000000                              -0.11052086761676980     
   3.2200000000000002                               -8.1030656073528592E-002
   3.2300000000000000                               -5.1327415821050826E-002
   3.2400000000000002                               -2.1422154431091970E-002
   3.2500000000000000                                8.6739762551431357E-003
   3.2600000000000002                                3.8949684304394751E-002
   3.2700000000000000                                6.9393541947068663E-002
   3.2800000000000002                                9.9993989909671580E-002
   3.2900000000000000                               0.13073934182231195     
   3.3000000000000003                               0.16161778869957888     
   3.3100000000000001                               0.19261740349307441     
   3.3200000000000003                               0.22372614571383806     
   3.3300000000000001                               0.25493186612286650     
   3.3399999999999999                               0.28622231148789623     
   3.3500000000000001                               0.31758512940458228     
   3.3599999999999999                               0.34900787318017285     
   3.3700000000000001                               0.38047800677774612     
   3.3799999999999999                               0.41198290981904373     
   3.3900000000000001                               0.44350988264390379     
   3.3999999999999999                               0.47504615142426609     
   3.4100000000000001                               0.50657887333069118     
   3.4199999999999999                               0.53809514174930761     
   3.4300000000000002                               0.56958199154707223     
   3.4399999999999999                               0.60102640438320165     
   3.4500000000000002                               0.63241531406460638     
   3.4600000000000000                               0.66373561194313380     
   3.4700000000000002                               0.69497415235240156     
   3.4800000000000000                               0.72611775808197854     
   3.4900000000000002                               0.75715322588664868     
   3.5000000000000000                               0.78806733202847068     
   3.5100000000000002                               0.81884683784932477     
   3.5200000000000000                               0.84947849537161979     
   3.5300000000000002                               0.87994905292481240     
   3.5400000000000000                               0.91024526079537471     
   3.5500000000000003                               0.94035387689782624     
   3.5600000000000001                               0.97026167246443440     
   3.5700000000000003                               0.99995543775116813     
   3.5800000000000001                                1.0294219877574788     
   3.5899999999999999                                1.0586481679574677     
   3.6000000000000001                                1.0876208600399875     
   3.6099999999999999                                1.1163269876552135     
   3.6200000000000001                                1.1447535221652156     
   3.6299999999999999                                1.1728874883960418     
   3.6400000000000001                                1.2007159703888313     
   3.6499999999999999                                1.2282261171474540     
   3.6600000000000001                                1.2554051483801785     
   3.6699999999999999                                1.2822403602328589     
   3.6800000000000002                                1.3087191310111326     
   3.6899999999999999                                1.3348289268891129     
   3.7000000000000002                                1.3605573076020656     
   3.7100000000000000                                1.3858919321205523     
   3.7200000000000002                                1.4108205643035285     
   3.7300000000000000                                1.4353310785278841     
   3.7400000000000002                                1.4594114652919168     
   3.7500000000000000                                1.4830498367902338     
   3.7600000000000002                                1.5062344324575847     
   3.7700000000000000                                1.5289536244791271     
   3.7800000000000002                                1.5511959232646446     
   3.7900000000000000                                1.5729499828842362     
   3.8000000000000003                                1.5942046064630098     
   3.8100000000000001                                1.6149487515323238     
   3.8200000000000003                                1.6351715353351290     
   3.8300000000000001                                1.6548622400829804     
   3.8399999999999999                                1.6740103181622983     
   3.8500000000000001                                1.6926053972874757     
   3.8599999999999999                                1.7106372855984440     
   3.8700000000000001                                1.7280959767003257     
   3.8799999999999999                                1.7449716546428229     
   3.8900000000000001                                1.7612546988370066     
   3.8999999999999999                                1.7769356889071943     
   3.9100000000000001                                1.7920054094756259     
   3.9199999999999999                                1.8064548548776660     
   3.9300000000000002                                1.8202752338052879     
   3.9399999999999999                                1.8334579738766188     
   3.9500000000000002                                1.8459947261293481     
   3.9600000000000000                                1.8578773694358310     
   3.9700000000000002                                1.8690980148377441     
   3.9800000000000000                                1.8796490097981806     
   3.9900000000000002                                1.8895229423690998     
   4.0000000000000000                                1.8987126452720771     
   4.0099999999999998                                1.9072111998903323     
   4.0200000000000005                                1.9150119401700463     
   4.0300000000000002                                1.9221084564290085     
   4.0400000000000000                                1.9284945990706730     
   4.0499999999999998                                1.9341644822017336     
   4.0600000000000005                                1.9391124871513699     
   4.0700000000000003                                1.9433332658903437     
   4.0800000000000001                                1.9468217443481750     
   4.0899999999999999                                1.9495731256266529     
   4.0999999999999996                                1.9515828931079851     
   4.1100000000000003                                1.9528468134559276     
   4.1200000000000001                                1.9533609395082738     
   4.1299999999999999                                1.9531216130591287     
   4.1399999999999997                                1.9521254675294335     
   4.1500000000000004                                1.9503694305242516     
   4.1600000000000001                                1.9478507262753679     
   4.1699999999999999                                1.9445668779678014     
   4.1799999999999997                                1.9405157099488739     
   4.1900000000000004                                1.9356953498185283     
   4.2000000000000002                                1.9301042303996283     
   4.2100000000000000                                1.9237410915870301     
   4.2199999999999998                                1.9166049820742552     
   4.2300000000000004                                1.9086952609566483     
   4.2400000000000002                                1.9000115992099491     
   4.2500000000000000                                1.8905539810432628     
   4.2599999999999998                                1.8803227051254574     
   4.2700000000000005                                1.8693183856840729     
   4.2800000000000002                                1.8575419534758768     
   4.2900000000000000                                1.8449946566282496     
   4.2999999999999998                                1.8316780613506440     
   4.3100000000000005                                1.8175940525154060     
   4.3200000000000003                                1.8027448341073042     
   4.3300000000000001                                1.7871329295411698     
   4.3399999999999999                                1.7707611818470943     
   4.3500000000000005                                1.7536327537227017     
   4.3600000000000003                                1.7357511274520503     
   4.3700000000000001                                1.7171201046907878     
   4.3799999999999999                                1.6977438061172314     
   4.3899999999999997                                1.6776266709491041     
   4.4000000000000004                                1.6567734563257110     
   4.4100000000000001                                1.6351892365554010     
   4.4199999999999999                                1.6128794022282091     
   4.4299999999999997                                1.5898496591936380     
   4.4400000000000004                                1.5661060274035890     
   4.4500000000000002                                1.5416548396205136     
   4.4600000000000000                                1.5165027399909103     
   4.4699999999999998                                1.4906566824843508     
   4.4800000000000004                                1.4641239291982784     
   4.4900000000000002                                1.4369120485288733     
   4.5000000000000000                                1.4090289132083442     
   4.5099999999999998                                1.3804826982090557     
   4.5200000000000005                                1.3512818785149627     
   4.5300000000000002                                1.3214352267608813     
   4.5400000000000000                                1.2909518107401763     
   4.5499999999999998                                1.2598409907815100     
   4.5600000000000005                                1.2281124169953501     
   4.5700000000000003                                1.1957760263909900     
   4.5800000000000001                                1.1628420398648949     
   4.5899999999999999                                1.1293209590612407     
   4.6000000000000005                                1.0952235631055707     
   4.6100000000000003                                1.0605609052125471     
   4.6200000000000001                                1.0253443091688368     
   4.6299999999999999                               0.98958536569221867     
   4.6399999999999997                               0.95329592866806034     
   4.6500000000000004                               0.91648811126436269     
   4.6600000000000001                               0.87917428192662850     
   4.6699999999999999                               0.84136706025386199     
   4.6799999999999997                               0.80307931275706135     
   4.6900000000000004                               0.76432414850161978     
   4.7000000000000002                               0.72511491463510069     
   4.7100000000000000                               0.68546519180190746     
   4.7199999999999998                               0.64538878944641787     
   4.7300000000000004                               0.60489974100620447     
   4.7400000000000002                               0.56401229899701377     
   4.7500000000000000                               0.52274092999122534     
   4.7599999999999998                               0.48110030949156168     
   4.7700000000000005                               0.43910531670186953     
   4.7800000000000002                               0.39677102919683893     
   4.7900000000000000                               0.35411271749257572     
   4.7999999999999998                               0.31114583951998825     
   4.8100000000000005                               0.26788603500299601     
   4.8200000000000003                               0.22434911974361263     
   4.8300000000000001                               0.18055107981599958     
   4.8399999999999999                               0.13650806567163140     
   4.8500000000000005                                9.2236386157755673E-002
   4.8600000000000003                                4.7752502451372553E-002
   4.8700000000000001                                3.0730219110009713E-003
   4.8799999999999999                               -4.1785308151462391E-002
   4.8899999999999997                               -8.6805606776444805E-002
   4.9000000000000004                              -0.13197086573757516     
   4.9100000000000001                              -0.17726395599531530     
   4.9199999999999999                              -0.22266763422088551     
   4.9299999999999997                              -0.26816454938798967     
   4.9400000000000004                              -0.31373724942980985     
   4.9500000000000002                              -0.35936818795870668     
   4.9600000000000000                              -0.40503973104602936     
   4.9699999999999998                              -0.45073416405940625     
   4.9800000000000004                              -0.49643369855485742     
   4.9900000000000002                              -0.54212047922103934     
   5.0000000000000000                              -0.58777659087290479     
   5.0099999999999998                              -0.63338406549203108     
   5.0200000000000005                              -0.67892488931084638     
   5.0300000000000002                              -0.72438100993795451     
   5.0400000000000000                              -0.76973434352173731     
   5.0499999999999998                              -0.81496678194938865     
   5.0600000000000005                              -0.86006020007851347     
   5.0700000000000003                              -0.90499646299840164     
   5.0800000000000001                              -0.94975743331806994     
   5.0899999999999999                              -0.99432497847814383     
   5.1000000000000005                               -1.0386809780836352     
   5.1100000000000003                               -1.0828073312546544     
   5.1200000000000001                               -1.1266859639920810     
   5.1299999999999999                               -1.1702988365552025     
   5.1399999999999997                               -1.2136279508483194     
   5.1500000000000004                               -1.2566553578133013     
   5.1600000000000001                               -1.2993631648250688     
   5.1699999999999999                               -1.3417335430869692     
   5.1799999999999997                               -1.3837487350230049     
   5.1900000000000004                               -1.4253910616638623     
   5.2000000000000002                               -1.4666429300236938     
   5.2100000000000000                               -1.5074868404645907     
   5.2199999999999998                               -1.5479053940456895     
   5.2300000000000004                               -1.5878812998538487     
   5.2400000000000002                               -1.6273973823128343     
   5.2500000000000000                               -1.6664365884679528     
   5.2599999999999998                               -1.7049819952430738     
   5.2700000000000005                               -1.7430168166669859     
   5.2800000000000002                               -1.7805244110660357     
   5.2900000000000000                               -1.8174882882200067     
   5.2999999999999998                               -1.8538921164782005     
   5.3100000000000005                               -1.8897197298326907     
   5.3200000000000003                               -1.9249551349457334     
   5.3300000000000001                               -1.9595825181283273     
   5.3399999999999999                               -1.9935862522669252     
   5.3500000000000005                               -2.0269509036953206     
   5.3600000000000003                               -2.0596612390087410     
   5.3700000000000001                               -2.0917022318171972     
   5.3799999999999999                               -2.1230590694351603     
   5.3899999999999997                               -2.1537171595046489     
   5.4000000000000004                               -2.1836621365488362     
   5.4100000000000001                               -2.2128798684533026     
   5.4199999999999999                               -2.2413564628720866     
   5.4299999999999997                               -2.2690782735557069     
   5.4400000000000004                               -2.2960319065983548     
   5.4500000000000002                               -2.3222042266014817     
   5.4600000000000000                               -2.3475823627510377     
   5.4699999999999998                               -2.3721537148056377     
   5.4800000000000004                               -2.3959059589929703     
   5.4900000000000002                               -2.4188270538117878     
   5.5000000000000000                               -2.4409052457368556     
   5.5099999999999998                               -2.4621290748242655     
   5.5200000000000005                               -2.4824873802145544     
   5.5300000000000002                               -2.5019693055311087     
   5.5400000000000000                               -2.5205643041713643     
   5.5499999999999998                               -2.5382621444883582     
   5.5600000000000005                               -2.5550529148602199     
   5.5700000000000003                               -2.5709270286452326     
   5.5800000000000001                               -2.5858752290201386     
   5.5899999999999999                               -2.5998885936994012     
   5.6000000000000005                               -2.6129585395331780     
   5.6100000000000003                               -2.6250768269818106     
   5.6200000000000001                               -2.6362355644646729     
   5.6299999999999999                               -2.6464272125812744     
   5.6399999999999997                               -2.6556445882025517     
   5.6500000000000004                               -2.6638808684303439     
   5.6600000000000001                               -2.6711295944230797     
   5.6699999999999999                               -2.6773846750857695     
   5.6799999999999997                               -2.6826403906224354     
   5.6900000000000004                               -2.6868913959491696     
   5.7000000000000002                               -2.6901327239660620     
   5.7100000000000000                               -2.6923597886862916     
   5.7199999999999998                               -2.6935683882207320     
   5.7300000000000004                               -2.6937547076164736     
   5.7400000000000002                               -2.6929153215477220     
   5.7500000000000000                               -2.6910471968575891     
   5.7599999999999998                               -2.6881476949493530     
   5.7700000000000005                               -2.6842145740258152     
   5.7800000000000002                               -2.6792459911754447     
   5.7900000000000000                               -2.6732405043040632     
   5.7999999999999998                               -2.6661970739108765     
   5.8100000000000005                               -2.6581150647077236     
   5.8200000000000003                               -2.6489942470804779     
   5.8300000000000001                               -2.6388347983915885     
   5.8399999999999999                               -2.6276373041228211     
   5.8500000000000005                               -2.6154027588573170     
   5.8600000000000003                               -2.6021325671001496     
   5.8700000000000001                               -2.5878285439366278     
   5.8799999999999999                               -2.5724929155276506     
   5.8899999999999997                               -2.5561283194414952     
   5.9000000000000004                               -2.5387378048214724     
   5.9100000000000001                               -2.5203248323889569     
   5.9199999999999999                               -2.5008932742813643     
   5.9299999999999997                               -2.4804474137247121     
   5.9400000000000004                               -2.4589919445404669     
   5.9500000000000002                               -2.4365319704864508     
   5.9600000000000000                               -2.4130730044316420     
   5.9699999999999998                               -2.3886209673647780     
   5.9800000000000004                               -2.3631821872367302     
   5.9900000000000002                               -2.3367633976366897     
   6.0000000000000000                               -2.3093717363022743     
   6.0099999999999998                               -2.2810147434637300     
   6.0200000000000005                               -2.2517003600224688     
   6.0300000000000002                               -2.2214369255642574     
   6.0400000000000000                               -2.1902331762074310     
   6.0499999999999998                               -2.1580982422865818     
   6.0600000000000005                               -2.1250416458722370     
   6.0700000000000003                               -2.0910732981271067     
   6.0800000000000001                               -2.0562034964995521     
   6.0899999999999999                               -2.0204429217549946     
   6.1000000000000005                               -1.9838026348460478     
   6.1100000000000003                               -1.9462940736222247     
   6.1200000000000001                               -1.9079290493801431     
   6.1299999999999999                               -1.8687197432552112     
   6.1400000000000006                               -1.8286787024558506     
   6.1500000000000004                               -1.7878188363413723     
   6.1600000000000001                               -1.7461534123446940     
   6.1699999999999999                               -1.7036960517411477     
   6.1799999999999997                               -1.6604607252646950     
   6.1900000000000004                               -1.6164617485729311     
   6.2000000000000002                               -1.5717137775623231     
   6.2100000000000000                               -1.5262318035351916     
   6.2199999999999998                               -1.4800311482200106     
   6.2300000000000004                               -1.4331274586466600     
   6.2400000000000002                               -1.3855367018783316     
   6.2500000000000000                               -1.3372751596018471     
   6.2599999999999998                               -1.2883594225782122     
   6.2700000000000005                               -1.2388063849552895     
   6.2800000000000002                               -1.1886332384445319     
   6.2900000000000000                               -1.1378574663637810     
   6.2999999999999998                               -1.0864968375481898     
   6.3100000000000005                               -1.0345694001313914     
   6.3200000000000003                              -0.98209347519908841     
   6.3300000000000001                              -0.92908765031729779     
   6.3399999999999999                              -0.87557077293753993     
   6.3500000000000005                              -0.82156194368131519     
   6.3600000000000003                              -0.76708050950626749     
   6.3700000000000001                              -0.71214605675648601     
   6.3799999999999999                              -0.65677840409944843     
   6.3900000000000006                              -0.60099759535216202     
   6.4000000000000004                              -0.54482389219910754     
   6.4100000000000001                              -0.48827776680464285     
   6.4199999999999999                              -0.43137989432256973     
   6.4299999999999997                              -0.37415114530561566     
   6.4400000000000004                              -0.31661257801762982     
   6.4500000000000002                              -0.25878543065133702     
   6.4600000000000000                              -0.20069111345453847     
   6.4699999999999998                              -0.14235120076769145     
   6.4800000000000004                               -8.3787422975842601E-002
   6.4900000000000002                               -2.5021658377930529E-002
   6.5000000000000000                                3.3924075023486155E-002
   6.5099999999999998                                9.3027627808980745E-002
   6.5200000000000005                               0.15226672750235734     
   6.5300000000000002                               0.21161898700092749     
   6.5400000000000000                               0.27106191307275990     
   6.5499999999999998                               0.33057291491766438     
   6.5600000000000005                               0.39012931278863822     
   6.5700000000000003                               0.44970834667047122     
   6.5800000000000001                               0.50928718501217596     
   6.5899999999999999                               0.56884293350987958     
   6.6000000000000005                               0.62835264393678736     
   6.6100000000000003                               0.68779332301679919     
   6.6200000000000001                               0.74714194133833778     
   6.6299999999999999                               0.80637544230492164     
   6.6400000000000006                               0.86547075111899341     
   6.6500000000000004                               0.92440478379549484     
   6.6600000000000001                               0.98315445620165742     
   6.6699999999999999                                1.0416966931194609     
   6.6799999999999997                                1.1000084373271950     
   6.6900000000000004                                1.1580666586965433     
   6.7000000000000002                                1.2158483633015946     
   6.7100000000000000                                1.2733306025361733     
   6.7199999999999998                                1.3304904822358714     
   6.7300000000000004                                1.3873051718011535     
   6.7400000000000002                                1.4437519133178955     
   6.7500000000000000                                1.4998080306717145     
   6.7599999999999998                                1.5554509386524409     
   6.7700000000000005                                1.6106581520450776     
   6.7800000000000002                                1.6654072947035905     
   6.7900000000000000                                1.7196761086038741     
   6.7999999999999998                                1.7734424628722321     
   6.8100000000000005                                1.8266843627857219     
   6.8200000000000003                                1.8793799587407085     
   6.8300000000000001                                1.9315075551859806     
   6.8399999999999999                                1.9830456195167894     
   6.8500000000000005                                2.0339727909261764     
   6.8600000000000003                                2.0842678892099675     
   6.8700000000000001                                2.1339099235218155     
   6.8799999999999999                                2.1828781010746985     
   6.8900000000000006                                2.2311518357852793     
   6.9000000000000004                                2.2787107568575564     
   6.9100000000000001                                2.3255347173022529     
   6.9199999999999999                                2.3716038023884018     
   6.9299999999999997                                2.4168983380236138     
   6.9400000000000004                                2.4613988990595272     
   6.9500000000000002                                2.5050863175189693     
   6.9600000000000000                                2.5479416907413732     
   6.9699999999999998                                2.5899463894430301     
   6.9800000000000004                                2.6310820656887746     
   6.9900000000000002                                2.6713306607717340     
   7.0000000000000000                                2.7106744129978022     
   7.0099999999999998                                2.7490958653715252     
   7.0200000000000005                                2.7865778731801214     
   7.0300000000000002                                2.8231036114723960     
   7.0400000000000000                                2.8586565824293366     
   7.0499999999999998                                2.8932206226232204     
   7.0600000000000005                                2.9267799101620970     
   7.0700000000000003                                2.9593189717165527     
   7.0800000000000001                                2.9908226894257011     
   7.0899999999999999                                3.0212763076793876     
   7.1000000000000005                                3.0506654397736375     
   7.1100000000000003                                3.0789760744364196     
   7.1200000000000001                                3.1061945822208514     
   7.1299999999999999                                3.1323077217630075     
   7.1400000000000006                                3.1573026459015470     
   7.1500000000000004                                3.1811669076564271     
   7.1600000000000001                                3.2038884660640155     
   7.1699999999999999                                3.2254556918659674     
   7.1799999999999997                                3.2458573730492892     
   7.1900000000000004                                3.2650827202350596     
   7.2000000000000002                                3.2831213719133379     
   7.2100000000000000                                3.2999633995218440     
   7.2199999999999998                                3.3155993123660523     
   7.2300000000000004                                3.3300200623783991     
   7.2400000000000002                                3.3432170487143620     
   7.2500000000000000                                3.3551821221832356     
   7.2599999999999998                                3.3659075895114787     
   7.2700000000000005                                3.3753862174365823     
   7.2800000000000002                                3.3836112366294624     
   7.2900000000000000                                3.3905763454434488     
   7.2999999999999998                                3.3962757134880075     
   7.3100000000000005                                3.4007039850253995     
   7.3200000000000003                                3.4038562821885412     
   7.3300000000000001                                3.4057282080184081     
   7.3399999999999999                                3.4063158493193857     
   7.3500000000000005                                3.4056157793310380     
   7.3600000000000003                                3.4036250602148441     
   7.3700000000000001                                3.4003412453545141     
   7.3799999999999999                                3.3957623814685722     
   7.3900000000000006                                3.3898870105339638     
   7.4000000000000004                                3.3827141715195195     
   7.4100000000000001                                3.3742434019281804     
   7.4199999999999999                                3.3644747391469627     
   7.4299999999999997                                3.3534087216037118     
   7.4400000000000004                                3.3410463897297786     
   7.4500000000000002                                3.3273892867278150     
   7.4600000000000000                                3.3124394591439734     
   7.4699999999999998                                3.2961994572438611     
   7.4800000000000004                                3.2786723351916822     
   7.4900000000000002                                3.2598616510320788     
   7.5000000000000000                                3.2397714664742536     
   7.5099999999999998                                3.2184063464780430     
   7.5200000000000005                                3.1957713586416778     
   7.5300000000000002                                3.1718720723910554     
   7.5400000000000000                                3.1467145579704230     
   7.5499999999999998                                3.1203053852344449     
   7.5600000000000005                                3.0926516222417164     
   7.5700000000000003                                3.0637608336498561     
   7.5800000000000001                                3.0336410789123911     
   7.5899999999999999                                3.0023009102777309     
   7.6000000000000005                                2.9697493705906011     
   7.6100000000000003                                2.9359959908963882     
   7.6200000000000001                                2.9010507878489311     
   7.6299999999999999                                2.8649242609223631     
   7.6400000000000006                                2.8276273894276978     
   7.6500000000000004                                2.7891716293349265     
   7.6600000000000001                                2.7495689099014733     
   7.6699999999999999                                2.7088316301079316     
   7.6799999999999997                                2.6669726549020889     
   7.6900000000000004                                2.6240053112523172     
   7.7000000000000002                                2.5799433840114934     
   7.7100000000000000                                2.5348011115926807     
   7.7199999999999998                                2.4885931814578890     
   7.7300000000000004                                2.4413347254213038     
   7.7400000000000002                                2.3930413147684479     
   7.7500000000000000                                2.3437289551928226     
   7.7599999999999998                                2.2934140815516417     
   7.7700000000000005                                2.2421135524423557     
   7.7800000000000002                                2.1898446446017301     
   7.7900000000000000                                2.1366250471293187     
   7.7999999999999998                                2.0824728555372478     
   7.8100000000000005                                2.0274065656282980     
   7.8200000000000003                                1.9714450672043382     
   7.8300000000000001                                1.9146076376072461     
   7.8399999999999999                                1.8569139350945130     
   7.8500000000000005                                1.7983839920518023     
   7.8600000000000003                                1.7390382080448026     
   7.8700000000000001                                1.6788973427127787     
   7.8799999999999999                                1.6179825085062995     
   7.8900000000000006                                1.5563151632716792     
   7.9000000000000004                                1.4939171026847400     
   7.9100000000000001                                1.4308104525365679     
   7.9199999999999999                                1.3670176608739946     
   7.9300000000000006                                1.3025614899976032     
   7.9400000000000004                                1.2374650083201184     
   7.9500000000000002                                1.1717515820880982     
   7.9600000000000000                                1.1054448669699088     
   7.9699999999999998                                1.0385687995130211     
   7.9800000000000004                               0.97114758847372051     
   7.9900000000000002                               0.90320570602238792     
   8.0000000000000000                               0.83476787882755310     
   8.0099999999999998                               0.76585907902198558     
   8.0199999999999996                               0.69650451505413546     
   8.0299999999999994                               0.62672962242828967     
   8.0400000000000009                               0.55656005433686018     
   8.0500000000000007                               0.48602167218826853     
   8.0600000000000005                               0.41514053603394052     
   8.0700000000000003                               0.34394289489796948     
   8.0800000000000001                               0.27245517701305327     
   8.0899999999999999                               0.20070397996635342     
   8.0999999999999996                               0.12871606075896691     
   8.1099999999999994                                5.6518325782742879E-002
   8.1200000000000010                               -1.5862179281784169E-002
   8.1300000000000008                               -8.8398279642534980E-002
   8.1400000000000006                              -0.16106268164425303     
   8.1500000000000004                              -0.23382798308421721     
   8.1600000000000001                              -0.30666668359138377     
   8.1699999999999999                              -0.37955119506500901     
   8.1799999999999997                              -0.45245385216877398     
   8.1899999999999995                              -0.52534692287640272     
   8.1999999999999993                              -0.59820261906473760     
   8.2100000000000009                              -0.67099310715020966     
   8.2200000000000006                              -0.74369051876461612     
   8.2300000000000004                              -0.81626696146609579     
   8.2400000000000002                              -0.88869452948116967     
   8.2500000000000000                              -0.96094531447369569     
   8.2599999999999998                               -1.0329914163365670     
   8.2699999999999996                               -1.1048049540019673     
   8.2799999999999994                               -1.1763580762659824     
   8.2900000000000009                               -1.2476229726233503     
   8.3000000000000007                               -1.3185718841081264     
   8.3100000000000005                               -1.3891771141360232     
   8.3200000000000003                               -1.4594110393441810     
   8.3300000000000001                               -1.5292461204241174     
   8.3399999999999999                               -1.5986549129435963     
   8.3499999999999996                               -1.6676100781531571     
   8.3599999999999994                               -1.7360843937730419     
   8.3700000000000010                               -1.8040507647562547     
   8.3800000000000008                               -1.8714822340234956     
   8.3900000000000006                               -1.9383519931657087     
   8.4000000000000004                               -2.0046333931099936     
   8.4100000000000001                               -2.0702999547446304     
   8.4199999999999999                               -2.1353253794989855     
   8.4299999999999997                               -2.1996835598740665     
   8.4399999999999995                               -2.2633485899195089     
   8.4499999999999993                               -2.3262947756527987     
   8.4600000000000009                               -2.3884966454165344     
   8.4700000000000006                               -2.4499289601695646     
   8.4800000000000004                               -2.5105667237078464     
   8.4900000000000002                               -2.5703851928108912     
   8.5000000000000000                               -2.6293598873096906     
   8.5099999999999998                               -2.6874666000720322     
   8.5199999999999996                               -2.7446814069011460     
   8.5299999999999994                               -2.8009806763436464     
   8.5400000000000009                               -2.8563410794027622     
   8.5500000000000007                               -2.9107395991528784     
   8.5600000000000005                               -2.9641535402514463     
   8.5700000000000003                               -3.0165605383443488     
   8.5800000000000001                               -3.0679385693608445     
   8.5899999999999999                               -3.1182659586942529     
   8.5999999999999996                               -3.1675213902645756     
   8.6099999999999994                               -3.2156839154592931     
   8.6200000000000010                               -3.2627329619486138     
   8.6300000000000008                               -3.3086483423715012     
   8.6400000000000006                               -3.3534102628888385     
   8.6500000000000004                               -3.3969993316001497     
   8.6600000000000001                               -3.4393965668203288     
   8.6699999999999999                               -3.4805834052128892     
   8.6799999999999997                               -3.5205417097762899     
   8.6899999999999995                               -3.5592537776799476     
   8.7000000000000011                               -3.5967023479465952     
   8.7100000000000009                               -3.6328706089777087     
   8.7200000000000006                               -3.6677422059187692     
   8.7300000000000004                               -3.7013012478611937     
   8.7400000000000002                               -3.7335323148778210     
   8.7500000000000000                               -3.7644204648889033     
   8.7599999999999998                               -3.7939512403556122     
   8.7699999999999996                               -3.8221106747981288     
   8.7799999999999994                               -3.8488852991354578     
   8.7900000000000009                               -3.8742621478441621     
   8.8000000000000007                               -3.8982287649332874     
   8.8100000000000005                               -3.9207732097328121     
   8.8200000000000003                               -3.9418840624930209     
   8.8300000000000001                               -3.9615504297922799     
   8.8399999999999999                               -3.9797619497507504     
   8.8499999999999996                               -3.9965087970476643     
   8.8599999999999994                               -4.0117816877398411     
   8.8700000000000010                               -4.0255718838792118     
   8.8800000000000008                               -4.0378711979271920     
   8.8900000000000006                               -4.0486719969638036     
   8.9000000000000004                               -4.0579672066895514     
   8.9100000000000001                               -4.0657503152181080     
   8.9199999999999999                               -4.0720153766579612     
   8.9299999999999997                               -4.0767570144812488     
   8.9399999999999995                               -4.0799704246780841     
   8.9500000000000011                               -4.0816513786947590     
   8.9600000000000009                               -4.0817962261543004     
   8.9700000000000006                               -4.0804018973579250     
   8.9800000000000004                               -4.0774659055660276     
   8.9900000000000002                               -4.0729863490574312     
   9.0000000000000000                               -4.0669619129656889     
   9.0099999999999998                               -4.0593918708913419     
   9.0199999999999996                               -4.0502760862890961     
   9.0299999999999994                               -4.0396150136289872     
   9.0400000000000009                               -4.0274096993306792     
   9.0500000000000007                               -4.0136617824701339     
   9.0600000000000005                               -3.9983734952579746     
   9.0700000000000003                               -3.9815476632889566     
   9.0800000000000001                               -3.9631877055620439     
   9.0899999999999999                               -3.9432976342706834     
   9.0999999999999996                               -3.9218820543629542     
   9.1099999999999994                               -3.8989461628713640     
   9.1200000000000010                               -3.8744957480121447     
   9.1300000000000008                               -3.8485371880540020     
   9.1400000000000006                               -3.8210774499563542     
   9.1500000000000004                               -3.7921240877771880     
   9.1600000000000001                               -3.7616852408507531     
   9.1699999999999999                               -3.7297696317354041     
   9.1799999999999997                               -3.6963865639319891     
   9.1899999999999995                               -3.6615459193732747     
   9.2000000000000011                               -3.6252581556849925     
   9.2100000000000009                               -3.5875343032191713     
   9.2200000000000006                               -3.5483859618605229     
   9.2300000000000004                               -3.5078252976067299     
   9.2400000000000002                               -3.4658650389235759     
   9.2500000000000000                               -3.4225184728759497     
   9.2599999999999998                               -3.3777994410358461     
   9.2699999999999996                               -3.3317223351685676     
   9.2799999999999994                               -3.2843020926984301     
   9.2900000000000009                               -3.2355541919553539     
   9.3000000000000007                               -3.1854946472038193     
   9.3100000000000005                               -3.1341400034557445     
   9.3200000000000003                               -3.0815073310689360     
   9.3300000000000001                               -3.0276142201328469     
   9.3399999999999999                               -2.9724787746434647     
   9.3499999999999996                               -2.9161196064692336     
   9.3599999999999994                               -2.8585558291100055     
   9.3700000000000010                               -2.7998070512510917     
   9.3800000000000008                               -2.7398933701145767     
   9.3900000000000006                               -2.6788353646101348     
   9.4000000000000004                               -2.6166540882876759     
   9.4100000000000001                               -2.5533710620942185     
   9.4199999999999999                               -2.4890082669374833     
   9.4299999999999997                               -2.4235881360587674     
   9.4399999999999995                               -2.3571335472177419     
   9.4500000000000011                               -2.2896678146918990     
   9.4600000000000009                               -2.2212146810934388     
   9.4700000000000006                               -2.1517983090064785     
   9.4800000000000004                               -2.0814432724475229     
   9.4900000000000002                               -2.0101745481522286     
   9.5000000000000000                               -1.9380175066915466     
   9.5099999999999998                               -1.8649979034204183     
   9.5199999999999996                               -1.7911418692622569     
   9.5299999999999994                               -1.7164759013325219     
   9.5400000000000009                               -1.6410268534047614     
   9.5500000000000007                               -1.5648219262225624     
   9.5600000000000005                               -1.4878886576609176     
   9.5700000000000003                               -1.4102549127405770     
   9.5800000000000001                               -1.3319488734990230     
   9.5899999999999999                               -1.2529990287217601     
   9.5999999999999996                               -1.1734341635376786     
   9.6099999999999994                               -1.0932833488823079     
   9.6200000000000010                               -1.0125759308328295     
   9.6300000000000008                              -0.93134151981878199     
   9.6400000000000006                              -0.84960997971244090     
   9.6500000000000004                              -0.76741141680290859     
   9.6600000000000001                              -0.68477616865800561     
   9.6699999999999999                              -0.60173479287810105     
   9.6799999999999997                              -0.51831805574606971     
   9.6899999999999995                              -0.43455692077761104     
   9.7000000000000011                              -0.35048253717621025     
   9.7100000000000009                              -0.26612622819706483     
   9.7200000000000006                              -0.18151947942434449     
   9.7300000000000004                               -9.6693926966189836E-002
   9.7400000000000002                               -1.1681345571897039E-002
   9.7500000000000000                                7.3486363324228865E-002
   9.7599999999999998                               0.15877718362783277     
   9.7699999999999996                               0.24415899667372798     
   9.7799999999999994                               0.32959959337478933     
   9.7900000000000009                               0.41506668642590555     
   9.8000000000000007                               0.50052792255834744     
   9.8100000000000005                               0.58595089483988017     
   9.8200000000000003                               0.67130315501592530     
   9.8300000000000001                               0.75655222588705218     
   9.8399999999999999                               0.84166561371805870     
   9.8499999999999996                               0.92661082067388101     
   9.8599999999999994                                1.0113553572775547     
   9.8700000000000010                                1.0958667548854331     
   9.8800000000000008                                1.1801125781748545     
   9.8900000000000006                                1.2640604376394384     
   9.9000000000000004                                1.3476780020871804     
   9.9100000000000001                                1.4309330111365055     
   9.9199999999999999                                1.5137932877054348     
   9.9299999999999997                                1.5962267504890153     
   9.9399999999999995                                1.6782014264201588     
   9.9500000000000011                                1.7596854631090353     
   9.9600000000000009                                1.8406471412561691     
   9.9700000000000006                                1.9210548870343847     
   9.9800000000000004                                2.0008772844347584     
   9.9900000000000002                                2.0800830875717358     
   10.000000000000000                                2.1586412329425846     
