   0.0000000000000000      			   29.398284847202195     
   1.0010010010010010E-002 			   29.678157018230085     
   2.0020020020020020E-002 			   29.959118318449413     
   3.0030030030030030E-002 			   30.241171989186515     
   4.0040040040040040E-002 			   30.524321178566520     
   5.0050050050050046E-002 			   30.808568941818500     
   6.0060060060060060E-002 			   31.093918241580621     
   7.0070070070070073E-002 			   31.380371948205322     
   8.0080080080080079E-002 			   31.667932840064474     
   9.0090090090090086E-002 			   31.956603603854536     
  0.10010010010010009      			   32.246386834901713     
  0.11011011011011011      			   32.537285037467129     
  0.12012012012012012      			   32.829300625051985     
  0.13013013013013014      			   33.122435920702706     
  0.14014014014014015      			   33.416693157316118     
  0.15015015015015015      			   33.712074477944590     
  0.16016016016016016      			   34.008581936101272     
  0.17017017017017017      			   34.306217496065088     
  0.18018018018018017      			   34.604983033186116     
  0.19019019019019018      			   34.904880334190580     
  0.20020020020020018      			   35.205911097486045     
  0.21021021021021022      			   35.508076933466654     
  0.22022022022022023      			   35.811379364818229     
  0.23023023023023023      			   36.115819826823419     
  0.24024024024024024      			   36.421399667666890     
  0.25025025025025027      			   36.728120148740501     
  0.26026026026026028      			   37.035982444948402     
  0.27027027027027029      			   37.344987645012296     
  0.28028028028028029      			   37.655136751776496     
  0.29029029029029030      			   37.966430682513142     
  0.30030030030030030      			   38.278870269227376     
  0.31031031031031031      			   38.592456258962443     
  0.32032032032032032      			   38.907189314104926     
  0.33033033033033032      			   39.223070012689860     
  0.34034034034034033      			   39.540098848705895     
  0.35035035035035034      			   39.858276232400478     
  0.36036036036036034      			   40.177602490584988     
  0.37037037037037035      			   40.498077866939923     
  0.38038038038038036      			   40.819702522320064     
  0.39039039039039036      			   41.142476535059615     
  0.40040040040040037      			   41.466399901277363     
  0.41041041041041043      			   41.791472535181867     
  0.42042042042042044      			   42.117694269376585     
  0.43043043043043044      			   42.445064855165057     
  0.44044044044044045      			   42.773583962856080     
  0.45045045045045046      			   43.103251182068824     
  0.46046046046046046      			   43.434066022038046     
  0.47047047047047047      			   43.766027911919203     
  0.48048048048048048      			   44.099136201093657     
  0.49049049049049048      			   44.433390159473795     
  0.50050050050050054      			   44.768788977808242     
  0.51051051051051055      			   45.105331767986961     
  0.52052052052052056      			   45.443017563346444     
  0.53053053053053056      			   45.781845318974938     
  0.54054054054054057      			   46.121813912017430     
  0.55055055055055058      			   46.462922141981018     
  0.56056056056056058      			   46.805168731039949     
  0.57057057057057059      			   47.148552324340791     
  0.58058058058058060      			   47.493071490307614     
  0.59059059059059060      			   47.838724720947170     
  0.60060060060060061      			   48.185510432154004     
  0.61061061061061062      			   48.533426964015661     
  0.62062062062062062      			   48.882472581117845     
  0.63063063063063063      			   49.232645472849534     
  0.64064064064064064      			   49.583943753708162     
  0.65065065065065064      			   49.936365463604865     
  0.66066066066066065      			   50.289908568169494     
  0.67067067067067065      			   50.644570959055876     
  0.68068068068068066      			   51.000350454246963     
  0.69069069069069067      			   51.357244798359957     
  0.70070070070070067      			   51.715251662951530     
  0.71071071071071068      			   52.074368646822940     
  0.72072072072072069      			   52.434593276325153     
  0.73073073073073069      			   52.795923005664122     
  0.74074074074074070      			   53.158355217205866     
  0.75075075075075071      			   53.521887221781625     
  0.76076076076076071      			   53.886516258993041     
  0.77077077077077072      			   54.252239497517373     
  0.78078078078078073      			   54.619054035412532     
  0.79079079079079073      			   54.986956900422378     
  0.80080080080080074      			   55.355945050281797     
  0.81081081081081086      			   55.726015373021866     
  0.82082082082082086      			   56.097164687275075     
  0.83083083083083087      			   56.469389742580432     
  0.84084084084084088      			   56.842687219688614     
  0.85085085085085088      			   57.217053730867207     
  0.86086086086086089      			   57.592485820205773     
  0.87087087087087089      			   57.968979963921051     
  0.88088088088088090      			   58.346532570662177     
  0.89089089089089091      			   58.725139981815708     
  0.90090090090090091      			   59.104798471810923     
  0.91091091091091092      			   59.485504248424931     
  0.92092092092092093      			   59.867253453087763     
  0.93093093093093093      			   60.250042161187679     
  0.94094094094094094      			   60.633866382376205     
  0.95095095095095095      			   61.018722060873323     
  0.96096096096096095      			   61.404605075772686     
  0.97097097097097096      			   61.791511241346740     
  0.98098098098098097      			   62.179436307351828     
  0.99099099099099097      			   62.568375959333473     
   1.0010010010010011      			   62.958325818931485     
   1.0110110110110111      			   63.349281444185024     
   1.0210210210210211      			   63.741238329837962     
   1.0310310310310311      			   64.134191907643853     
   1.0410410410410411      			   64.528137546671203     
   1.0510510510510511      			   64.923070553608611     
   1.0610610610610611      			   65.318986173069916     
   1.0710710710710711      			   65.715879587899337     
   1.0810810810810811      			   66.113745919476742     
   1.0910910910910911      			   66.512580228022642     
   1.1011011011011012      			   66.912377512903475     
   1.1111111111111112      			   67.313132712936721     
   1.1211211211211212      			   67.714840706696137     
   1.1311311311311312      			   68.117496312816741     
   1.1411411411411412      			   68.521094290300198     
   1.1511511511511512      			   68.925629338819817     
   1.1611611611611612      			   69.331096099025757     
   1.1711711711711712      			   69.737489152850245     
   1.1811811811811812      			   70.144803023812656     
   1.1911911911911912      			   70.553032177324710     
   1.2012012012012012      			   70.962171020995683     
   1.2112112112112112      			   71.372213904937411     
   1.2212212212212212      			   71.783155122069701     
   1.2312312312312312      			   72.194988908425259     
   1.2412412412412412      			   72.607709443454922     
   1.2512512512512513      			   73.021310850332881     
   1.2612612612612613      			   73.435787196261884     
   1.2712712712712713      			   73.851132492778149     
   1.2812812812812813      			   74.267340696056792     
   1.2912912912912913      			   74.684405707216868     
   1.3013013013013013      			   75.102321372626591     
   1.3113113113113113      			   75.521081484208352     
   1.3213213213213213      			   75.940679779744116     
   1.3313313313313313      			   76.361109943180367     
   1.3413413413413413      			   76.782365604933347     
   1.3513513513513513      			   77.204440342194303     
   1.3613613613613613      			   77.627327679234526     
   1.3713713713713713      			   78.051021087710495     
   1.3813813813813813      			   78.475513986969247     
   1.3913913913913913      			   78.900799744353236     
   1.4014014014014013      			   79.326871675505757     
   1.4114114114114114      			   79.753723044675951     
   1.4214214214214214      			   80.181347065024042     
   1.4314314314314314      			   80.609736898926442     
   1.4414414414414414      			   81.038885658280961     
   1.4514514514514514      			   81.468786404811965     
   1.4614614614614614      			   81.899432150375503     
   1.4714714714714714      			   82.330815857264525     
   1.4814814814814814      			   82.762930438513948     
   1.4914914914914914      			   83.195768758205901     
   1.5015015015015014      			   83.629323631774881     
   1.5115115115115114      			   84.063587826312826     
   1.5215215215215214      			   84.498554060874469     
   1.5315315315315314      			   84.934215006782310     
   1.5415415415415414      			   85.370563287931773     
   1.5515515515515514      			   85.807591481096551     
   1.5615615615615615      			   86.245292116233614     
   1.5715715715715715      			   86.683657676788357     
   1.5815815815815815      			   87.122680599999924     
   1.5915915915915915      			   87.562353277206128     
   1.6016016016016015      			   88.002668054148856     
   1.6116116116116117      			   88.443617231279106     
   1.6216216216216217      			   88.885193064062051     
   1.6316316316316317      			   89.327387763282488     
   1.6416416416416417      			   89.770193495349645     
   1.6516516516516517      			   90.213602382602630     
   1.6616616616616617      			   90.657606503615483     
   1.6716716716716717      			   91.102197893502279     
   1.6816816816816818      			   91.547368544222365     
   1.6916916916916918      			   91.993110404885584     
   1.7017017017017018      			   92.439415382057192     
   1.7117117117117118      			   92.886275340063321     
   1.7217217217217218      			   93.333682101295963     
   1.7317317317317318      			   93.781627446518158     
   1.7417417417417418      			   94.230103115169214     
   1.7517517517517518      			   94.679100805669734     
   1.7617617617617618      			   95.128612175726943     
   1.7717717717717718      			   95.578628842639745     
   1.7817817817817818      			   96.029142383603940     
   1.7917917917917918      			   96.480144336017275     
   1.8018018018018018      			   96.931626197784809     
   1.8118118118118118      			   97.383579427623857     
   1.8218218218218218      			   97.835995445369278     
   1.8318318318318318      			   98.288865632278629     
   1.8418418418418419      			   98.742181331337292     
   1.8518518518518519      			   99.195933847563623     
   1.8618618618618619      			   99.650114448314127     
   1.8718718718718719      			   100.10471436358871     
   1.8818818818818819      			   100.55972478633566     
   1.8918918918918919      			   101.01513687275701     
   1.9019019019019019      			   101.47094174261350     
   1.9119119119119119      			   101.92713047952988     
   1.9219219219219219      			   102.38369413130003     
   1.9319319319319319      			   102.84062371019218     
   1.9419419419419419      			   103.29791019325386     
   1.9519519519519519      			   103.75554452261733     
   1.9619619619619619      			   104.21351760580460     
   1.9719719719719719      			   104.67182031603264     
   1.9819819819819819      			   105.13044349251842     
   1.9919919919919920      			   105.58937794078429     
   2.0020020020020022      			   106.04861443296295     
   2.0120120120120122      			   106.50814370810266     
   2.0220220220220222      			   106.96795647247249     
   2.0320320320320322      			   107.42804339986735     
   2.0420420420420422      			   107.88839513191327     
   2.0520520520520522      			   108.34900227837247     
   2.0620620620620622      			   108.80985541744857     
   2.0720720720720722      			   109.27094509609172     
   2.0820820820820822      			   109.73226183030381     
   2.0920920920920922      			   110.19379610544361     
   2.1021021021021022      			   110.65553837653187     
   2.1121121121121122      			   111.11747906855658     
   2.1221221221221223      			   111.57960857677804     
   2.1321321321321323      			   112.04191726703414     
   2.1421421421421423      			   112.50439547604540     
   2.1521521521521523      			   112.96703351172022     
   2.1621621621621623      			   113.42982165345988     
   2.1721721721721723      			   113.89275015246402     
   2.1821821821821823      			   114.35580923203545     
   2.1921921921921923      			   114.81898908788551     
   2.2022022022022023      			   115.28227988843919     
   2.2122122122122123      			   115.74567177514031     
   2.2222222222222223      			   116.20915486275666     
   2.2322322322322323      			   116.67271923968508     
   2.2422422422422423      			   117.13635496825682     
   2.2522522522522523      			   117.60005208504252     
   2.2622622622622623      			   118.06380060115744     
   2.2722722722722724      			   118.52759050256662     
   2.2822822822822824      			   118.99141175039007     
   2.2922922922922924      			   119.45525428120784     
   2.3023023023023024      			   119.91910800736527     
   2.3123123123123124      			   120.38296281727817     
   2.3223223223223224      			   120.84680857573784     
   2.3323323323323324      			   121.31063512421642     
   2.3423423423423424      			   121.77443228117193     
   2.3523523523523524      			   122.23818984235336     
   2.3623623623623624      			   122.70189758110608     
   2.3723723723723724      			   123.16554524867681     
   2.3823823823823824      			   123.62912257451872     
   2.3923923923923924      			   124.09261926659680     
   2.4024024024024024      			   124.55602501169294     
   2.4124124124124124      			   125.01932947571096     
   2.4224224224224224      			   125.48252230398194     
   2.4324324324324325      			   125.94559312156930     
   2.4424424424424425      			   126.40853153357406     
   2.4524524524524525      			   126.87132712543982     
   2.4624624624624625      			   127.33396946325797     
   2.4724724724724725      			   127.79644809407316     
   2.4824824824824825      			   128.25875254618794     
   2.4924924924924925      			   128.72087232946831     
   2.5025025025025025      			   129.18279693564870     
   2.5125125125125125      			   129.64451583863735     
   2.5225225225225225      			   130.10601849482111     
   2.5325325325325325      			   130.56729434337089     
   2.5425425425425425      			   131.02833280654676     
   2.5525525525525525      			   131.48912329000308     
   2.5625625625625625      			   131.94965518309360     
   2.5725725725725725      			   132.40991785917674     
   2.5825825825825826      			   132.86990067592075     
   2.5925925925925926      			   133.32959297560876     
   2.6026026026026026      			   133.78898408544399     
   2.6126126126126126      			   134.24806331785496     
   2.6226226226226226      			   134.70681997080064     
   2.6326326326326326      			   135.16524332807552     
   2.6426426426426426      			   135.62332265961490     
   2.6526526526526526      			   136.08104722179991     
   2.6626626626626626      			   136.53840625776294     
   2.6726726726726726      			   136.99538899769237     
   2.6826826826826826      			   137.45198465913808     
   2.6926926926926926      			   137.90818244731659     
   2.7027027027027026      			   138.36397155541607     
   2.7127127127127126      			   138.81934116490149     
   2.7227227227227226      			   139.27428044581998     
   2.7327327327327327      			   139.72877855710578     
   2.7427427427427427      			   140.18282464688562     
   2.7527527527527527      			   140.63640785278363     
   2.7627627627627627      			   141.08951730222668     
   2.7727727727727727      			   141.54214211274945     
   2.7827827827827827      			   141.99427139229971     
   2.7927927927927927      			   142.44589423954332     
   2.8028028028028027      			   142.89699974416945     
   2.8128128128128127      			   143.34757698719591     
   2.8228228228228227      			   143.79761504127401     
   2.8328328328328327      			   144.24710297099398     
   2.8428428428428427      			   144.69602983318993     
   2.8528528528528527      			   145.14438467724517     
   2.8628628628628627      			   145.59215654539736     
   2.8728728728728727      			   146.03933447304357     
   2.8828828828828827      			   146.48590748904539     
   2.8928928928928928      			   146.93186461603437     
   2.9029029029029028      			   147.37719487071692     
   2.9129129129129128      			   147.82188726417959     
   2.9229229229229228      			   148.26593080219408     
   2.9329329329329328      			   148.70931448552275     
   2.9429429429429428      			   149.15202731022336     
   2.9529529529529528      			   149.59405826795444     
   2.9629629629629628      			   150.03539634628052     
   2.9729729729729728      			   150.47603052897722     
   2.9829829829829828      			   150.91594979633618     
   2.9929929929929928      			   151.35514312547082     
   3.0030030030030028      			   151.79359949062069     
   3.0130130130130128      			   152.23130786345743     
   3.0230230230230228      			   152.66825721338932     
   3.0330330330330328      			   153.10443650786678     
   3.0430430430430429      			   153.53983471268742     
   3.0530530530530529      			   153.97444079230129     
   3.0630630630630629      			   154.40824371011584     
   3.0730730730730729      			   154.84123242880128     
   3.0830830830830829      			   155.27339591059567     
   3.0930930930930929      			   155.70472311761003     
   3.1031031031031029      			   156.13520301213367     
   3.1131131131131129      			   156.56482455693919     
   3.1231231231231229      			   156.99357671558758     
   3.1331331331331329      			   157.42144845273359     
   3.1431431431431429      			   157.84842873443085     
   3.1531531531531529      			   158.27450652843677     
   3.1631631631631629      			   158.69967080451818     
   3.1731731731731729      			   159.12391053475596     
   3.1831831831831829      			   159.54721469385058     
   3.1931931931931929      			   159.96957225942711     
   3.2032032032032030      			   160.39097221234042     
   3.2132132132132134      			   160.81140353698032     
   3.2232232232232234      			   161.23085522157675     
   3.2332332332332334      			   161.64931625850488     
   3.2432432432432434      			   162.06677564459039     
   3.2532532532532534      			   162.48322238141446     
   3.2632632632632634      			   162.89864547561905     
   3.2732732732732734      			   163.31303393921218     
   3.2832832832832834      			   163.72637678987272     
   3.2932932932932935      			   164.13866305125592     
   3.3033033033033035      			   164.54988175329842     
   3.3133133133133135      			   164.96002193252343     
   3.3233233233233235      			   165.36907263234590     
   3.3333333333333335      			   165.77702290337751     
   3.3433433433433435      			   166.18386180373219     
   3.3533533533533535      			   166.58957839933106     
   3.3633633633633635      			   166.99416176420740     
   3.3733733733733735      			   167.39760098081234     
   3.3833833833833835      			   167.79988514031945     
   3.3933933933933935      			   168.20100334293025     
   3.4034034034034035      			   168.60094469817929     
   3.4134134134134135      			   168.99969832523928     
   3.4234234234234235      			   169.39725335322626     
   3.4334334334334335      			   169.79359892150478     
   3.4434434434434436      			   170.18872417999307     
   3.4534534534534536      			   170.58261828946812     
   3.4634634634634636      			   170.97527042187107     
   3.4734734734734736      			   171.36666976061196     
   3.4834834834834836      			   171.75680550087526     
   3.4934934934934936      			   172.14566684992508     
   3.5035035035035036      			   172.53324302740981     
   3.5135135135135136      			   172.91952326566792     
   3.5235235235235236      			   173.30449681003273     
   3.5335335335335336      			   173.68815291913765     
   3.5435435435435436      			   174.07048086522144     
   3.5535535535535536      			   174.45146993443316     
   3.5635635635635636      			   174.83110942713765     
   3.5735735735735736      			   175.20938865822043     
   3.5835835835835836      			   175.58629695739290     
   3.5935935935935936      			   175.96182366949753     
   3.6036036036036037      			   176.33595815481317     
   3.6136136136136137      			   176.70868978936002     
   3.6236236236236237      			   177.08000796520463     
   3.6336336336336337      			   177.44990209076568     
   3.6436436436436437      			   177.81836159111845     
   3.6536536536536537      			   178.18537590830033     
   3.6636636636636637      			   178.55093450161596     
   3.6736736736736737      			   178.91502684794239     
   3.6836836836836837      			   179.27764244203402     
   3.6936936936936937      			   179.63877079682825     
   3.7037037037037037      			   179.99840144375005     
   3.7137137137137137      			   180.35652393301763     
   3.7237237237237237      			   180.71312783394720     
   3.7337337337337337      			   181.06820273525841     
   3.7437437437437437      			   181.42173824537943     
   3.7537537537537538      			   181.77372399275211     
   3.7637637637637638      			   182.12414962613701     
   3.7737737737737738      			   182.47300481491877     
   3.7837837837837838      			   182.82027924941121     
   3.7937937937937938      			   183.16596264116239     
   3.8038038038038038      			   183.51004472325985     
   3.8138138138138138      			   183.85251525063589     
   3.8238238238238238      			   184.19336400037238     
   3.8338338338338338      			   184.53258077200630     
   3.8438438438438438      			   184.87015538783473     
   3.8538538538538538      			   185.20607769322007     
   3.8638638638638638      			   185.54033755689505     
   3.8738738738738738      			   185.87292487126803     
   3.8838838838838838      			   186.20382955272837     
   3.8938938938938938      			   186.53304154195084     
   3.9039039039039038      			   186.86055080420184     
   3.9139139139139139      			   187.18634732964375     
   3.9239239239239239      			   187.51042113364036     
   3.9339339339339339      			   187.83276225706214     
   3.9439439439439439      			   188.15336076659111     
   3.9539539539539539      			   188.47220675502643     
   3.9639639639639639      			   188.78929034158907     
   3.9739739739739739      			   189.10460167222740     
   3.9839839839839839      			   189.41813091992213     
   3.9939939939939939      			   189.72986828499140     
   4.0040040040040044      			   190.03980399539623     
   4.0140140140140144      			   190.34792830704532     
   4.0240240240240244      			   190.65423150410055     
   4.0340340340340344      			   190.95870389928186     
   4.0440440440440444      			   191.26133583417263     
   4.0540540540540544      			   191.56211767952468     
   4.0640640640640644      			   191.86103983556362     
   4.0740740740740744      			   192.15809273229365     
   4.0840840840840844      			   192.45326682980323     
   4.0940940940940944      			   192.74655261856986     
   4.1041041041041044      			   193.03794061976538     
   4.1141141141141144      			   193.32742138556088     
   4.1241241241241244      			   193.61498549943261     
   4.1341341341341344      			   193.90062357646613     
   4.1441441441441444      			   194.18432626366206     
   4.1541541541541545      			   194.46608424024129     
   4.1641641641641645      			   194.74588821795004     
   4.1741741741741745      			   195.02372894136465     
   4.1841841841841845      			   195.29959718819745     
   4.1941941941941945      			   195.57348376960124     
   4.2042042042042045      			   195.84537953047487     
   4.2142142142142145      			   196.11527534976841     
   4.2242242242242245      			   196.38316214078787     
   4.2342342342342345      			   196.64903085150098     
   4.2442442442442445      			   196.91287246484194     
   4.2542542542542545      			   197.17467799901658     
   4.2642642642642645      			   197.43443850780778     
   4.2742742742742745      			   197.69214508088044     
   4.2842842842842845      			   197.94778884408663     
   4.2942942942942945      			   198.20136095977074     
   4.3043043043043046      			   198.45285262707492     
   4.3143143143143146      			   198.70225508224394     
   4.3243243243243246      			   198.94955959893025     
   4.3343343343343346      			   199.19475748849953     
   4.3443443443443446      			   199.43784010033565     
   4.3543543543543546      			   199.67879882214569     
   4.3643643643643646      			   199.91762508026545     
   4.3743743743743746      			   200.15431033996418     
   4.3843843843843846      			   200.38884610575005     
   4.3943943943943946      			   200.62122392167532     
   4.4044044044044046      			   200.85143537164129     
   4.4144144144144146      			   201.07947207970363     
   4.4244244244244246      			   201.30532571037753     
   4.4344344344344346      			   201.52898796894269     
   4.4444444444444446      			   201.75045060174870     
   4.4544544544544546      			   201.96970539652023     
   4.4644644644644647      			   202.18674418266184     
   4.4744744744744747      			   202.40155883156351     
   4.4844844844844847      			   202.61414125690573     
   4.4944944944944947      			   202.82448341496445     
   4.5045045045045047      			   203.03257730491652     
   4.5145145145145147      			   203.23841496914451     
   4.5245245245245247      			   203.44198849354257     
   4.5345345345345347      			   203.64329000782053     
   4.5445445445445447      			   203.84231168580999     
   4.5545545545545547      			   204.03904574576893     
   4.5645645645645647      			   204.23348445068729     
   4.5745745745745747      			   204.42562010859172     
   4.5845845845845847      			   204.61544507285109     
   4.5945945945945947      			   204.80295174248133     
   4.6046046046046047      			   204.98813256245077     
   4.6146146146146148      			   205.17098002398555     
   4.6246246246246248      			   205.35148666487427     
   4.6346346346346348      			   205.52964506977330     
   4.6446446446446448      			   205.70544787051230     
   4.6546546546546548      			   205.87888774639913     
   4.6646646646646648      			   206.04995742452468     
   4.6746746746746748      			   206.21864968006872     
   4.6846846846846848      			   206.38495733660454     
   4.6946946946946948      			   206.54887326640414     
   4.7047047047047048      			   206.71039039074390     
   4.7147147147147148      			   206.86950168020888     
   4.7247247247247248      			   207.02620015499880     
   4.7347347347347348      			   207.18047888523279     
   4.7447447447447448      			   207.33233099125457     
   4.7547547547547548      			   207.48174964393772     
   4.7647647647647648      			   207.62872806499081     
   4.7747747747747749      			   207.77325952726235     
   4.7847847847847849      			   207.91533735504643     
   4.7947947947947949      			   208.05495492438740     
   4.8048048048048049      			   208.19210566338535     
   4.8148148148148149      			   208.32678305250090     
   4.8248248248248249      			   208.45898062486094     
   4.8348348348348349      			   208.58869196656332     
   4.8448448448448449      			   208.71591071698197     
   4.8548548548548549      			   208.84063056907263     
   4.8648648648648649      			   208.96284526967708     
   4.8748748748748749      			   209.08254861982948     
   4.8848848848848849      			   209.19973447506032     
   4.8948948948948949      			   209.31439674570265     
   4.9049049049049049      			   209.42652939719625     
   4.9149149149149149      			   209.53612645039379     
   4.9249249249249250      			   209.64318198186504     
   4.9349349349349350      			   209.74769012420288     
   4.9449449449449450      			   209.84964506632781     
   4.9549549549549550      			   209.94904105379334     
   4.9649649649649650      			   210.04587238909136     
   4.9749749749749750      			   210.14013343195705     
   4.9849849849849850      			   210.23181859967409     
   4.9949949949949950      			   210.32092236737978     
   5.0050050050050050      			   210.40743926837030     
   5.0150150150150150      			   210.49136389440602     
   5.0250250250250250      			   210.57269089601610     
   5.0350350350350350      			   210.65141498280445     
   5.0450450450450450      			   210.72753092375410     
   5.0550550550550550      			   210.80103354753282     
   5.0650650650650650      			   210.87191774279850     
   5.0750750750750750      			   210.94017845850362     
   5.0850850850850851      			   211.00581070420097     
   5.0950950950950951      			   211.06880955034853     
   5.1051051051051051      			   211.12917012861490     
   5.1151151151151151      			   211.18688763218412     
   5.1251251251251251      			   211.24195731606113     
   5.1351351351351351      			   211.29437449737685     
   5.1451451451451451      			   211.34413455569313     
   5.1551551551551551      			   211.39123293330832     
   5.1651651651651651      			   211.43566513556175     
   5.1751751751751751      			   211.47742673114010     
   5.1851851851851851      			   211.51651335238085     
   5.1951951951951951      			   211.55292069557925     
   5.2052052052052051      			   211.58664452129199     
   5.2152152152152151      			   211.61768065464352     
   5.2252252252252251      			   211.64602498563028     
   5.2352352352352352      			   211.67167346942645     
   5.2452452452452452      			   211.69462212668873     
   5.2552552552552552      			   211.71486704386209     
   5.2652652652652652      			   211.73240437348406     
   5.2752752752752752      			   211.74723033449069     
   5.2852852852852852      			   211.75934121252141     
   5.2952952952952952      			   211.76873336022402     
   5.3053053053053052      			   211.77540319755997     
   5.3153153153153152      			   211.77934721210980     
   5.3253253253253252      			   211.78056195937785     
   5.3353353353353352      			   211.77904406309750     
   5.3453453453453452      			   211.77479021553688     
   5.3553553553553552      			   211.76779717780326     
   5.3653653653653652      			   211.75806178014864     
   5.3753753753753752      			   211.74558092227514     
   5.3853853853853852      			   211.73035157363933     
   5.3953953953953953      			   211.71237077375815     
   5.4054054054054053      			   211.69163563251408     
   5.4154154154154153      			   211.66814333045963     
   5.4254254254254253      			   211.64189111912324     
   5.4354354354354353      			   211.61287632131405     
   5.4454454454454453      			   211.58109633142720     
   5.4554554554554553      			   211.54654861574878     
   5.4654654654654653      			   211.50923071276134     
   5.4754754754754753      			   211.46914023344863     
   5.4854854854854853      			   211.42627486160109     
   5.4954954954954953      			   211.38063235412116     
   5.5055055055055053      			   211.33221054132778     
   5.5155155155155153      			   211.28100732726233     
   5.5255255255255253      			   211.22702068999305     
   5.5355355355355353      			   211.17024868192092     
   5.5455455455455454      			   211.11068943008434     
   5.5555555555555554      			   211.04834113646430     
   5.5655655655655654      			   210.98320207829011     
   5.5755755755755754      			   210.91527060834343     
   5.5855855855855854      			   210.84454515526483     
   5.5955955955955954      			   210.77102422385767     
   5.6056056056056054      			   210.69470639539438     
   5.6156156156156154      			   210.61559032792053     
   5.6256256256256254      			   210.53367475656100     
   5.6356356356356354      			   210.44895849382425     
   5.6456456456456454      			   210.36144042990850     
   5.6556556556556554      			   210.27111953300565     
   5.6656656656656654      			   210.17799484960747     
   5.6756756756756754      			   210.08206550481046     
   5.6856856856856854      			   209.98333070262061     
   5.6956956956956954      			   209.88178972625914     
   5.7057057057057055      			   209.77744193846740     
   5.7157157157157155      			   209.67028678181185     
   5.7257257257257255      			   209.56032377898984     
   5.7357357357357355      			   209.44755253313372     
   5.7457457457457455      			   209.33197272811719     
   5.7557557557557555      			   209.21358412885962     
   5.7657657657657655      			   209.09238658163150     
   5.7757757757757755      			   208.96838001435958     
   5.7857857857857855      			   208.84156443693237     
   5.7957957957957955      			   208.71193994150437     
   5.8058058058058055      			   208.57950670280243     
   5.8158158158158155      			   208.44426497842989     
   5.8258258258258255      			   208.30621510917231     
   5.8358358358358355      			   208.16535751930275     
   5.8458458458458455      			   208.02169271688629     
   5.8558558558558556      			   207.87522129408549     
   5.8658658658658656      			   207.72594392746629     
   5.8758758758758756      			   207.57386137830179     
   5.8858858858858856      			   207.41897449287856     
   5.8958958958958956      			   207.26128420280122     
   5.9059059059059056      			   207.10079152529769     
   5.9159159159159156      			   206.93749756352480     
   5.9259259259259256      			   206.77140350687259     
   5.9359359359359356      			   206.60251063127006     
   5.9459459459459456      			   206.43082029949053     
   5.9559559559559556      			   206.25633396145622     
   5.9659659659659656      			   206.07905315454374     
   5.9759759759759756      			   205.89897950388928     
   5.9859859859859856      			   205.71611472269365     
   5.9959959959959956      			   205.53046061252726     
   6.0060060060060056      			   205.34201906363592     
   6.0160160160160157      			   205.15079205524535     
   6.0260260260260257      			   204.95678165586654     
   6.0360360360360357      			   204.75999002360106     
   6.0460460460460457      			   204.56041940644585     
   6.0560560560560557      			   204.35807214259913     
   6.0660660660660657      			   204.15295066076462     
   6.0760760760760757      			   203.94505748045754     
   6.0860860860860857      			   203.73439521230875     
   6.0960960960960957      			   203.52096655837138     
   6.1061061061061057      			   203.30477431242454     
   6.1161161161161157      			   203.08582136027948     
   6.1261261261261257      			   202.86411068008391     
   6.1361361361361357      			   202.63964534262828     
   6.1461461461461457      			   202.41242851164938     
   6.1561561561561557      			   202.18246344413734     
   6.1661661661661658      			   201.94975349063944     
   6.1761761761761758      			   201.71430209556556     
   6.1861861861861858      			   201.47611279749364     
   6.1961961961961958      			   201.23518922947480     
   6.2062062062062058      			   200.99153511933787     
   6.2162162162162158      			   200.74515428999570     
   6.2262262262262258      			   200.49605065974927     
   6.2362362362362358      			   200.24422824259318     
   6.2462462462462458      			   199.98969114852127     
   6.2562562562562558      			   199.73244358383130     
   6.2662662662662658      			   199.47248985142991     
   6.2762762762762758      			   199.20983435113826     
   6.2862862862862858      			   198.94448157999707     
   6.2962962962962958      			   198.67643613257175     
   6.3063063063063058      			   198.40570270125738     
   6.3163163163163158      			   198.13228607658408     
   6.3263263263263259      			   197.85619114752222     
   6.3363363363363359      			   197.57742290178743     
   6.3463463463463459      			   197.29598642614599     
   6.3563563563563559      			   197.01188690671938     
   6.3663663663663659      			   196.72512962928971     
   6.3763763763763759      			   196.43571997960640     
   6.3863863863863859      			   196.14366344368813     
   6.3963963963963959      			   195.84896560813144     
   6.4064064064064059      			   195.55163216041342     
   6.4164164164164168      			   195.25166888919767     
   6.4264264264264268      			   194.94908168464013     
   6.4364364364364368      			   194.64387653869363     
   6.4464464464464468      			   194.33605954541230     
   6.4564564564564568      			   194.02563690125857     
   6.4664664664664668      			   193.71261490540650     
   6.4764764764764768      			   193.39699996004811     
   6.4864864864864868      			   193.07879857069815     
   6.4964964964964969      			   192.75801734649883     
   6.5065065065065069      			   192.43466300052592     
   6.5165165165165169      			   192.10874235009334     
   6.5265265265265269      			   191.78026231705797     
   6.5365365365365369      			   191.44922992812599     
   6.5465465465465469      			   191.11565231515641     
   6.5565565565565569      			   190.77953671546766     
   6.5665665665665669      			   190.44089047214197     
   6.5765765765765769      			   190.09972103433086     
   6.5865865865865869      			   189.75603595756024     
   6.5965965965965969      			   189.40984290403537     
   6.6066066066066069      			   189.06114964294653     
   6.6166166166166169      			   188.70996405077312     
   6.6266266266266269      			   188.35629411159005     
   6.6366366366366369      			   188.00014791737271     
   6.6466466466466469      			   187.64153366830084     
   6.6566566566566570      			   187.28045967306571     
   6.6666666666666670      			   186.91693434917340     
   6.6766766766766770      			   186.55096622325135     
   6.6866866866866870      			   186.18256393135249     
   6.6966966966966970      			   185.81173621926126     
   6.7067067067067070      			   185.43849194279807     
   6.7167167167167170      			   185.06284006812513     
   6.7267267267267270      			   184.68478967205112     
   6.7367367367367370      			   184.30434994233627     
   6.7467467467467470      			   183.92153017799779     
   6.7567567567567570      			   183.53633978961545     
   6.7667667667667670      			   183.14878829963544     
   6.7767767767767770      			   182.75888534267727     
   6.7867867867867870      			   182.36664066583734     
   6.7967967967967970      			   181.97206412899504     
   6.8068068068068071      			   181.57516570511774     
   6.8168168168168171      			   181.17595548056556     
   6.8268268268268271      			   180.77444365539736     
   6.8368368368368371      			   180.37064054367488     
   6.8468468468468471      			   179.96455657376862     
   6.8568568568568571      			   179.55620228866263     
   6.8668668668668671      			   179.14558834626047     
   6.8768768768768771      			   178.73272551968864     
   6.8868868868868871      			   178.31762469760361     
   6.8968968968968971      			   177.90029688449607     
   6.9069069069069071      			   177.48075320099599     
   6.9169169169169171      			   177.05900488417848     
   6.9269269269269271      			   176.63506328786764     
   6.9369369369369371      			   176.20893988294330     
   6.9469469469469471      			   175.78064625764557     
   6.9569569569569571      			   175.35019411787908     
   6.9669669669669672      			   174.91759528751976     
   6.9769769769769772      			   174.48286170871881     
   6.9869869869869872      			   174.04600544220784     
   6.9969969969969972      			   173.60703866760520     
   7.0070070070070072      			   173.16597368371998     
   7.0170170170170172      			   172.72282290885767     
   7.0270270270270272      			   172.27759888112467     
   7.0370370370370372      			   171.83031425873486     
   7.0470470470470472      			   171.38098182031325     
   7.0570570570570572      			   170.92961446520195     
   7.0670670670670672      			   170.47622521376553     
   7.0770770770770772      			   170.02082720769511     
   7.0870870870870872      			   169.56343371031483     
   7.0970970970970972      			   169.10405810688616     
   7.1071071071071072      			   168.64271390491325     
   7.1171171171171173      			   168.17941473444813     
   7.1271271271271273      			   167.71417434839634     
   7.1371371371371373      			   167.24700662282117     
   7.1471471471471473      			   166.77792555724920     
   7.1571571571571573      			   166.30694527497616     
   7.1671671671671673      			   165.83408002337080     
   7.1771771771771773      			   165.35934417418088     
   7.1871871871871873      			   164.88275222383913     
   7.1971971971971973      			   164.40431879376558     
   7.2072072072072073      			   163.92405863067683     
   7.2172172172172173      			   163.44198660688733     
   7.2272272272272273      			   162.95811772061683     
   7.2372372372372373      			   162.47246709629474     
   7.2472472472472473      			   161.98504998486578     
   7.2572572572572573      			   161.49588176409475     
   7.2672672672672673      			   161.00497793887121     
   7.2772772772772774      			   160.51235414151643     
   7.2872872872872874      			   160.01802613208588     
   7.2972972972972974      			   159.52200979867666     
   7.3073073073073074      			   159.02432115773161     
   7.3173173173173174      			   158.52497635434486     
   7.3273273273273274      			   158.02399166256691     
   7.3373373373373374      			   157.52138348570929     
   7.3473473473473474      			   157.01716835665070     
   7.3573573573573574      			   156.51136293814113     
   7.3673673673673674      			   156.00398402310736     
   7.3773773773773774      			   155.49504853495898     
   7.3873873873873874      			   154.98457352789274     
   7.3973973973973974      			   154.47257618719675     
   7.4074074074074074      			   153.95907382955806     
   7.4174174174174174      			   153.44408390336548     
   7.4274274274274275      			   152.92762398901664     
   7.4374374374374375      			   152.40971179922144     
   7.4474474474474475      			   151.89036517930833     
   7.4574574574574575      			   151.36960210752864     
   7.4674674674674675      			   150.84744069536339     
   7.4774774774774775      			   150.32389918782621     
   7.4874874874874875      			   149.79899596377015     
   7.4974974974974975      			   149.27274953619224     
   7.5075075075075075      			   148.74517855253862     
   7.5175175175175175      			   148.21630179500937     
   7.5275275275275275      			   147.68613818086556     
   7.5375375375375375      			   147.15470676273071     
   7.5475475475475475      			   146.62202672890032     
   7.5575575575575575      			   146.08811740364320     
   7.5675675675675675      			   145.55299824750966     
   7.5775775775775776      			   145.01668885763422     
   7.5875875875875876      			   144.47920896804283     
   7.5975975975975976      			   143.94057844995666     
   7.6076076076076076      			   143.40081731209750     
   7.6176176176176176      			   142.85994570099319     
   7.6276276276276276      			   142.31798390128336     
   7.6376376376376376      			   141.77495233602258     
   7.6476476476476476      			   141.23087156698841     
   7.6576576576576576      			   140.68576229498387     
   7.6676676676676676      			   140.13964536014453     
   7.6776776776776776      			   139.59254174224247     
   7.6876876876876876      			   139.04447256099161     
   7.6976976976976976      			   138.49545907635411     
   7.7077077077077076      			   137.94552268884320     
   7.7177177177177176      			   137.39468493983134     
   7.7277277277277276      			   136.84296751185195     
   7.7377377377377377      			   136.29039222890788     
   7.7477477477477477      			   135.73698105677386     
   7.7577577577577577      			   135.18275610330375     
   7.7677677677677677      			   134.62773961873449     
   7.7777777777777777      			   134.07195399599118     
   7.7877877877877877      			   133.51542177099316     
   7.7977977977977977      			   132.95816562295863     
   7.8078078078078077      			   132.40020837470945     
   7.8178178178178177      			   131.84157299297726     
   7.8278278278278277      			   131.28228258870695     
   7.8378378378378377      			   130.72236041736448     
   7.8478478478478477      			   130.16182987923924     
   7.8578578578578577      			   129.60071451975136     
   7.8678678678678677      			   129.03903802975481     
   7.8778778778778777      			   128.47682424584502     
   7.8878878878878878      			   127.91409715066197     
   7.8978978978978978      			   127.35088087319662     
   7.9079079079079078      			   126.78719968909525     
   7.9179179179179178      			   126.22307802096429     
   7.9279279279279278      			   125.65854043867762     
   7.9379379379379378      			   125.09361165967948     
   7.9479479479479478      			   124.52831654929025     
   7.9579579579579578      			   123.96268012101166     
   7.9679679679679678      			   123.39672753683271     
   7.9779779779779778      			   122.83048410753406     
   7.9879879879879878      			   122.26397529299220     
   7.9979979979979978      			   121.69722670248768     
   8.0080080080080087      			   121.13026409500662     
   8.0180180180180187      			   120.56311337954764     
   8.0280280280280287      			   119.99580061542883     
   8.0380380380380387      			   119.42835201258868     
   8.0480480480480487      			   118.86079393189459     
   8.0580580580580587      			   118.29315288544785     
   8.0680680680680688      			   117.72545553688644     
   8.0780780780780788      			   117.15772870169292     
   8.0880880880880888      			   116.58999934749738     
   8.0980980980980988      			   116.02229459438490     
   8.1081081081081088      			   115.45464171519814     
   8.1181181181181188      			   114.88706813584486     
   8.1281281281281288      			   114.31960143560138     
   8.1381381381381388      			   113.75226934741863     
   8.1481481481481488      			   113.18509975822690     
   8.1581581581581588      			   112.61812070924168     
   8.1681681681681688      			   112.05136039626734     
   8.1781781781781788      			   111.48484717000440     
   8.1881881881881888      			   110.91860953635251     
   8.1981981981981988      			   110.35267615671728     
   8.2082082082082088      			   109.78707584831466     
   8.2182182182182189      			   109.22183758447648     
   8.2282282282282289      			   108.65699049495481     
   8.2382382382382389      			   108.09256386622826     
   8.2482482482482489      			   107.52858714180638     
   8.2582582582582589      			   106.96508992253507     
   8.2682682682682689      			   106.40210196690145     
   8.2782782782782789      			   105.83965319133961     
   8.2882882882882889      			   105.27777367053454     
   8.2982982982982989      			   104.71649363773054     
   8.3083083083083089      			   104.15584348503080     
   8.3183183183183189      			   103.59585376370819     
   8.3283283283283289      			   103.03655518450671     
   8.3383383383383389      			   102.47797861794902     
   8.3483483483483489      			   101.92015509463931     
   8.3583583583583589      			   101.36311580557049     
   8.3683683683683689      			   100.80689210242895     
   8.3783783783783790      			   100.25151549789814     
   8.3883883883883890      			   99.697017665965632     
   8.3983983983983990      			   99.143430442227441     
   8.4084084084084090      			   98.590785824192835     
   8.4184184184184190      			   98.039115971591400     
   8.4284284284284290      			   97.488453206675558     
   8.4384384384384390      			   96.938830014526275     
   8.4484484484484490      			   96.390279043360806     
   8.4584584584584590      			   95.842833104834426     
   8.4684684684684690      			   95.296525174347607     
   8.4784784784784790      			   94.751388391351270     
   8.4884884884884890      			   94.207456059649985     
   8.4984984984984990      			   93.664761647709383     
   8.5085085085085090      			   93.123338788960609     
   8.5185185185185190      			   92.583221282104887     
   8.5285285285285291      			   92.044443091418771     
   8.5385385385385391      			   91.507038347061325     
   8.5485485485485491      			   90.971041345374942     
   8.5585585585585591      			   90.436486549195024     
   8.5685685685685691      			   89.903408588153070     
   8.5785785785785791      			   89.371842258981360     
   8.5885885885885891      			   88.841822525819680     
   8.5985985985985991      			   88.313384520519094     
   8.6086086086086091      			   87.786563542947306     
   8.6186186186186191      			   87.261395061295389     
   8.6286286286286291      			   86.737914712379961     
   8.6386386386386391      			   86.216158301951054     
   8.6486486486486491      			   85.696161804996336     
   8.6586586586586591      			   85.177961366046247     
   8.6686686686686691      			   84.661593299478000     
   8.6786786786786791      			   84.147094089824350     
   8.6886886886886892      			   83.634500392073505     
   8.6986986986986992      			   83.123849031979034     
   8.7087087087087092      			   82.615177006362728     
   8.7187187187187192      			   82.108521483419281     
   8.7287287287287292      			   81.603919803022109     
   8.7387387387387392      			   81.101409477030757     
   8.7487487487487492      			   80.601028189591716     
   8.7587587587587592      			   80.102813797446743     
   8.7687687687687692      			   79.606804330237082     
   8.7787787787787792      			   79.113037990809062     
   8.7887887887887892      			   78.621553155517859     
   8.7987987987987992      			   78.132388374535140     
   8.8088088088088092      			   77.645582372150784     
   8.8188188188188192      			   77.161174047082113     
   8.8288288288288292      			   76.679202472775842     
   8.8388388388388393      			   76.199706897713895     
   8.8488488488488493      			   75.722726745720138     
   8.8588588588588593      			   75.248301616263234     
   8.8688688688688693      			   74.776471284764511     
   8.8788788788788793      			   74.307275702900597     
   8.8888888888888893      			   73.840754998908778     
   8.8988988988988993      			   73.376949477895323     
   8.9089089089089093      			   72.915899622135385     
   8.9189189189189193      			   72.457646091383367     
   8.9289289289289293      			   72.002229723175788     
   8.9389389389389393      			   71.549691533134592     
   8.9489489489489493      			   71.100072715275246     
   8.9589589589589593      			   70.653414642311191     
   8.9689689689689693      			   70.209758865958065     
   8.9789789789789793      			   69.769147117239527     
   8.9889889889889893      			   69.331621306792613     
   8.9989989989989994      			   68.897223525172876     
   9.0090090090090094      			   68.465996043157475     
   9.0190190190190194      			   68.037981312054171     
   9.0290290290290294      			   67.613221964004197     
   9.0390390390390394      			   67.191760812286702     
   9.0490490490490494      			   66.773640851625487     
   9.0590590590590594      			   66.358905258493451     
   9.0690690690690694      			   65.947597391417276     
   9.0790790790790794      			   65.539760791285062     
   9.0890890890890894      			   65.135439181648053     
   9.0990990990990994      			   64.734676469026681     
   9.1091091091091094      			   64.337516743218430     
   9.1191191191191194      			   63.944004277599561     
   9.1291291291291294      			   63.554183529431384     
   9.1391391391391394      			   63.168099140167669     
   9.1491491491491495      			   62.785795935755459     
   9.1591591591591595      			   62.407318926943844     
   9.1691691691691695      			   62.032713309588416     
   9.1791791791791795      			   61.662024464954357     
   9.1891891891891895      			   61.295297960024755     
   9.1991991991991995      			   60.932579547802789     
   9.2092092092092095      			   60.573915167620271     
   9.2192192192192195      			   60.219350945438691     
   9.2292292292292295      			   59.868933194157080     
   9.2392392392392395      			   59.522708413917371     
   9.2492492492492495      			   59.180723292407720     
   9.2592592592592595      			   58.843024705169000     
   9.2692692692692695      			   58.509659715900625     
   9.2792792792792795      			   58.180675576764088     
   9.2892892892892895      			   57.856119728688327     
   9.2992992992992995      			   57.536039801676679     
   9.3093093093093096      			   57.220483615108378     
   9.3193193193193196      			   56.909499178049145     
   9.3293293293293296      			   56.603134689550643     
   9.3393393393393396      			   56.301438538960383     
   9.3493493493493496      			   56.004459306222543     
   9.3593593593593596      			   55.712245762187194     
   9.3693693693693696      			   55.424846868912709     
   9.3793793793793796      			   55.142311779972943     
   9.3893893893893896      			   54.864689840758729     
   9.3993993993993996      			   54.592030588789385     
   9.4094094094094096      			   54.324383754010569     
   9.4194194194194196      			   54.061799259104646     
   9.4294294294294296      			   53.804327219794459     
   9.4394394394394396      			   53.552017945147099     
   9.4494494494494496      			   53.304921937881318     
   9.4594594594594597      			   53.063089894670838     
   9.4694694694694697      			   52.826572706449952     
   9.4794794794794797      			   52.595421458720239     
   9.4894894894894897      			   52.369687431852299     
   9.4994994994994997      			   52.149422101394975     
   9.5095095095095097      			   51.934677138377992     
   9.5195195195195197      			   51.725504409617542     
   9.5295295295295297      			   51.521955978021879     
   9.5395395395395397      			   51.324084102895540     
   9.5495495495495497      			   51.131941240246078     
   9.5595595595595597      			   50.945580043087148     
   9.5695695695695697      			   50.765053361747050     
   9.5795795795795797      			   50.590414244169324     
   9.5895895895895897      			   50.421715936221517     
   9.5995995995995997      			   50.259011881999413     
   9.6096096096096097      			   50.102355724129438     
   9.6196196196196198      			   49.951801304080391     
   9.6296296296296298      			   49.807402662461072     
   9.6396396396396398      			   49.669214039329745     
   9.6496496496496498      			   49.537289874499493     
   9.6596596596596598      			   49.411684807840629     
   9.6696696696696698      			   49.292453679589471     
   9.6796796796796798      			   49.179651530649153     
   9.6896896896896898      			   49.073333602899766     
   9.6996996996996998      			   48.973555339498944     
   9.7097097097097098      			   48.880372385190185     
   9.7197197197197198      			   48.793840586606620     
   9.7297297297297298      			   48.714015992574787     
   9.7397397397397398      			   48.640954854424308     
   9.7497497497497498      			   48.574713626288940     
   9.7597597597597598      			   48.515348965411704     
   9.7697697697697699      			   48.462917732452752     
   9.7797797797797799      			   48.417476991793137     
   9.7897897897897899      			   48.379084011838131     
   9.7997997997997999      			   48.347796265326451     
   9.8098098098098099      			   48.323671429631759     
   9.8198198198198199      			   48.306767387070522     
   9.8298298298298299      			   48.297142225203061     
   9.8398398398398399      			   48.294854237145046     
   9.8498498498498499      			   48.299961921865815     
   9.8598598598598599      			   48.312523984499876     
   9.8698698698698699      			   48.332599336647036     
   9.8798798798798799      			   48.360247096680268     
   9.8898898898898899      			   48.395526590049485     
   9.8998998998998999      			   48.438497349588033     
   9.9099099099099099      			   48.489219115817377     
   9.9199199199199199      			   48.547751837250871     
   9.9299299299299300      			   48.614155670701621     
   9.9399399399399400      			   48.688490981585801     
   9.9499499499499500      			   48.770818344227791     
   9.9599599599599600      			   48.861198542164857     
   9.9699699699699700      			   48.959692568455011     
   9.9799799799799800      			   49.066361625979425     
   9.9899899899899900      			   49.181267127748015     
   10.000000000000000      			   49.304470697205488     
