   0.0000000000000000                                0.0000000000000000     
   5.0000000000000001E-003                           6.2498956322743710E-003
   1.0000000000000000E-002                           1.4148953578019340E-002
   1.4999999999999999E-002                           1.2018285954165625E-002
   2.0000000000000000E-002                           8.3159834672515386E-003
   2.5000000000000001E-002                           8.9577799324955746E-003
   2.9999999999999999E-002                           1.0662817667706619E-002
   3.5000000000000003E-002                           1.0518206368362960E-002
   4.0000000000000001E-002                           9.7450600217755846E-003
   4.4999999999999998E-002                           9.7448131799479278E-003
   5.0000000000000003E-002                           1.0089414767092299E-002
   5.5000000000000000E-002                           1.0117900998364021E-002
   5.9999999999999998E-002                           9.9661796110707222E-003
   6.5000000000000002E-002                           9.9404854441748087E-003
   7.0000000000000007E-002                           1.0005698684595393E-002
   7.4999999999999997E-002                           1.0022256648788169E-002
   8.0000000000000002E-002                           9.9941988876715293E-003
   8.5000000000000006E-002                           9.9841321867404197E-003
   8.9999999999999997E-002                           9.9954714105060932E-003
   9.5000000000000001E-002                           1.0000567200543388E-002
  0.10000000000000001                                9.9955917968429925E-003
  0.10500000000000000                                9.9925628255116521E-003
  0.11000000000000000                                9.9941896277750304E-003
  0.11500000000000000                                9.9953359509984303E-003
  0.12000000000000000                                9.9943649186255475E-003
  0.12500000000000000                                9.9934318203097755E-003
  0.13000000000000000                                9.9934466060698363E-003
  0.13500000000000001                                9.9935234567530510E-003
  0.14000000000000001                                9.9931825520678495E-003
  0.14499999999999999                                9.9927791422633437E-003
  0.14999999999999999                                9.9925569180212229E-003
  0.15500000000000000                                9.9923776811493021E-003
  0.16000000000000000                                9.9921211850837379E-003
  0.16500000000000001                                9.9918390706213531E-003
  0.17000000000000001                                9.9915892928421693E-003
  0.17500000000000002                                9.9913536402179617E-003
  0.17999999999999999                                9.9911047366909467E-003
  0.18500000000000000                                9.9908484265521773E-003
  0.19000000000000000                                9.9905974114908088E-003
  0.19500000000000001                                9.9903501423721890E-003
  0.20000000000000001                                9.9901008228549595E-003
  0.20500000000000002                                9.9898496611043001E-003
  0.20999999999999999                                9.9895992606821391E-003
  0.21500000000000000                                9.9893497456727820E-003
  0.22000000000000000                                9.9890999647578721E-003
  0.22500000000000001                                9.9888497666301788E-003
  0.23000000000000001                                9.9885996523766327E-003
  0.23500000000000001                                9.9883497312648322E-003
  0.23999999999999999                                9.9880997888251687E-003
  0.24500000000000000                                9.9878497584320897E-003
  0.25000000000000000                                9.9875997302256367E-003
  0.25500000000000000                                9.9873497414445078E-003
  0.26000000000000001                                9.9870997549731926E-003
  0.26500000000000001                                9.9868497511035464E-003
  0.27000000000000002                                9.9865997447534469E-003
  0.27500000000000002                                9.9863497459594386E-003
  0.28000000000000003                                9.9860997489018381E-003
  0.28500000000000003                                9.9858497486175566E-003
  0.28999999999999998                                9.9855997472896307E-003
  0.29499999999999998                                9.9853497473144179E-003
  0.29999999999999999                                9.9850997479175863E-003
  0.30499999999999999                                9.9848497479653967E-003
  0.31000000000000000                                9.9845997477088656E-003
  0.31500000000000000                                9.9843497476747624E-003
  0.32000000000000001                                9.9840997477949871E-003
  0.32500000000000001                                9.9838497478288313E-003
  0.33000000000000002                                9.9835997477866166E-003
  0.33500000000000002                                9.9833497477766053E-003
  0.34000000000000002                                9.9830997478032122E-003
  0.34500000000000003                                9.9828497478185035E-003
  0.35000000000000003                                9.9825997478165136E-003
  0.35499999999999998                                9.9823497478181335E-003
  0.35999999999999999                                9.9820997478277645E-003
  0.36499999999999999                                9.9818497478364483E-003
  0.37000000000000000                                9.9815997478414822E-003
  0.37500000000000000                                9.9813497478466340E-003
  0.38000000000000000                                9.9810997478534252E-003
  0.38500000000000001                                9.9808497478603014E-003
  0.39000000000000001                                9.9805997478664508E-003
  0.39500000000000002                                9.9803497478725012E-003
  0.40000000000000002                                9.9800997478788692E-003
  0.40500000000000003                                9.9798497478853082E-003
  0.41000000000000003                                9.9795997478916102E-003
  0.41500000000000004                                9.9793497478978671E-003
  0.41999999999999998                                9.9790997479041865E-003
  0.42499999999999999                                9.9788497479105284E-003
  0.42999999999999999                                9.9785997479168425E-003
  0.43500000000000000                                9.9783497479231462E-003
  0.44000000000000000                                9.9780997479294621E-003
  0.44500000000000001                                9.9778497479357832E-003
  0.45000000000000001                                9.9775997479420991E-003
  0.45500000000000002                                9.9773497479484115E-003
  0.46000000000000002                                9.9770997479547256E-003
  0.46500000000000002                                9.9768497479610432E-003
  0.47000000000000003                                9.9765997479673591E-003
  0.47500000000000003                                9.9763497479736750E-003
  0.47999999999999998                                9.9760997479799891E-003
  0.48499999999999999                                9.9758497479863067E-003
  0.48999999999999999                                9.9755997479926209E-003
  0.49500000000000000                                9.9753497479989350E-003
  0.50000000000000000                                9.9750997480052526E-003
  0.50500000000000000                                9.9748497480115685E-003
  0.51000000000000001                                9.9745997480178827E-003
  0.51500000000000001                                9.9743497480241985E-003
  0.52000000000000002                                9.9740997480305144E-003
  0.52500000000000002                                9.9738497480368286E-003
  0.53000000000000003                                9.9735997480431444E-003
  0.53500000000000003                                9.9733497480494603E-003
  0.54000000000000004                                9.9730997480557762E-003
  0.54500000000000004                                9.9728497480620921E-003
  0.55000000000000004                                9.9725997480684080E-003
  0.55500000000000005                                9.9723497480747221E-003
  0.56000000000000005                                9.9720997480810362E-003
  0.56500000000000006                                9.9718497480873539E-003
  0.57000000000000006                                9.9715997480936715E-003
  0.57500000000000007                                9.9713497480999874E-003
  0.57999999999999996                                9.9710997481063015E-003
  0.58499999999999996                                9.9708497481126139E-003
  0.58999999999999997                                9.9705997481189315E-003
  0.59499999999999997                                9.9703497481252491E-003
  0.59999999999999998                                9.9700997481315633E-003
  0.60499999999999998                                9.9698497481378774E-003
  0.60999999999999999                                9.9695997481441950E-003
  0.61499999999999999                                9.9693497481505092E-003
  0.62000000000000000                                9.9690997481568233E-003
  0.62500000000000000                                9.9688497481631409E-003
  0.63000000000000000                                9.9685997481694568E-003
  0.63500000000000001                                9.9683497481757709E-003
  0.64000000000000001                                9.9680997481820868E-003
  0.64500000000000002                                9.9678497481884027E-003
  0.65000000000000002                                9.9675997481947168E-003
  0.65500000000000003                                9.9673497482010327E-003
  0.66000000000000003                                9.9670997482073486E-003
  0.66500000000000004                                9.9668497482136645E-003
  0.67000000000000004                                9.9665997482199804E-003
  0.67500000000000004                                9.9663497482262962E-003
  0.68000000000000005                                9.9660997482326104E-003
  0.68500000000000005                                9.9658497482389245E-003
  0.69000000000000006                                9.9655997482452421E-003
  0.69500000000000006                                9.9653497482515598E-003
  0.70000000000000007                                9.9650997482578756E-003
  0.70499999999999996                                9.9648497482641898E-003
  0.70999999999999996                                9.9645997482705022E-003
  0.71499999999999997                                9.9643497482768198E-003
  0.71999999999999997                                9.9640997482831374E-003
  0.72499999999999998                                9.9638497482894516E-003
  0.72999999999999998                                9.9635997482957657E-003
  0.73499999999999999                                9.9633497483020833E-003
  0.73999999999999999                                9.9630997483083975E-003
  0.74500000000000000                                9.9628497483147116E-003
  0.75000000000000000                                9.9625997483210292E-003
  0.75500000000000000                                9.9623497483273451E-003
  0.76000000000000001                                9.9620997483336592E-003
  0.76500000000000001                                9.9618497483399751E-003
  0.77000000000000002                                9.9615997483462910E-003
  0.77500000000000002                                9.9613497483526051E-003
  0.78000000000000003                                9.9610997483589210E-003
  0.78500000000000003                                9.9608497483652369E-003
  0.79000000000000004                                9.9605997483715528E-003
  0.79500000000000004                                9.9603497483778686E-003
  0.80000000000000004                                9.9600997483841845E-003
  0.80500000000000005                                9.9598497483904987E-003
  0.81000000000000005                                9.9595997483968128E-003
  0.81500000000000006                                9.9593497484031304E-003
  0.82000000000000006                                9.9590997484094480E-003
  0.82500000000000007                                9.9588497484157639E-003
  0.83000000000000007                                9.9585997484220781E-003
  0.83499999999999996                                9.9583497484283905E-003
  0.83999999999999997                                9.9580997484347081E-003
  0.84499999999999997                                9.9578497484410257E-003
  0.84999999999999998                                9.9575997484473398E-003
  0.85499999999999998                                9.9573497484536540E-003
  0.85999999999999999                                9.9570997484599716E-003
  0.86499999999999999                                9.9568497484662857E-003
  0.87000000000000000                                9.9565997484725999E-003
  0.87500000000000000                                9.9563497484789175E-003
  0.88000000000000000                                9.9560997484852334E-003
  0.88500000000000001                                9.9558497484915475E-003
  0.89000000000000001                                9.9555997484978634E-003
  0.89500000000000002                                9.9553497485041793E-003
  0.90000000000000002                                9.9550997485104934E-003
  0.90500000000000003                                9.9548497485168093E-003
  0.91000000000000003                                9.9545997485231252E-003
  0.91500000000000004                                9.9543497485294410E-003
  0.92000000000000004                                9.9540997485357569E-003
  0.92500000000000004                                9.9538497485420728E-003
  0.93000000000000005                                9.9535997485483869E-003
  0.93500000000000005                                9.9533497485547011E-003
  0.94000000000000006                                9.9530997485610187E-003
  0.94500000000000006                                9.9528497485673363E-003
  0.95000000000000007                                9.9525997485736522E-003
  0.95500000000000007                                9.9523497485799663E-003
  0.95999999999999996                                9.9520997485862787E-003
  0.96499999999999997                                9.9518497485925964E-003
  0.96999999999999997                                9.9515997485989140E-003
  0.97499999999999998                                9.9513497486052281E-003
  0.97999999999999998                                9.9510997486115423E-003
  0.98499999999999999                                9.9508497486178599E-003
  0.98999999999999999                                9.9505997486241740E-003
  0.99500000000000000                                9.9503497486304882E-003
   1.0000000000000000                                9.9500997486368058E-003
   1.0050000000000001                                9.9498497486431216E-003
   1.0100000000000000                                9.9495997486494358E-003
   1.0150000000000001                                9.9493497486557517E-003
   1.0200000000000000                                9.9490997486620675E-003
   1.0249999999999999                                9.9488497486683817E-003
   1.0300000000000000                                9.9485997486746976E-003
   1.0349999999999999                                9.9483497486810134E-003
   1.0400000000000000                                9.9480997486873293E-003
   1.0449999999999999                                9.9478497486936452E-003
   1.0500000000000000                                9.9475997486999611E-003
   1.0549999999999999                                9.9473497487062752E-003
   1.0600000000000001                                9.9470997487125894E-003
   1.0649999999999999                                9.9468497487189070E-003
   1.0700000000000001                                9.9465997487252246E-003
   1.0750000000000000                                9.9463497487315405E-003
   1.0800000000000001                                9.9460997487378546E-003
   1.0850000000000000                                9.9458497487441670E-003
   1.0900000000000001                                9.9455997487504846E-003
   1.0950000000000000                                9.9453497487568022E-003
   1.1000000000000001                                9.9450997487631164E-003
   1.1050000000000000                                9.9448497487694305E-003
   1.1100000000000001                                9.9445997487757481E-003
   1.1150000000000000                                9.9443497487820623E-003
   1.1200000000000001                                9.9440997487883764E-003
   1.1250000000000000                                9.9438497487946940E-003
   1.1300000000000001                                9.9435997488010099E-003
   1.1350000000000000                                9.9433497488073241E-003
   1.1400000000000001                                9.9430997488136399E-003
   1.1450000000000000                                9.9428497488199558E-003
   1.1500000000000001                                9.9425997488262700E-003
   1.1550000000000000                                9.9423497488325858E-003
   1.1599999999999999                                9.9420997488389017E-003
   1.1650000000000000                                9.9418497488452176E-003
   1.1699999999999999                                9.9415997488515335E-003
   1.1750000000000000                                9.9413497488578494E-003
   1.1799999999999999                                9.9410997488641635E-003
   1.1850000000000001                                9.9408497488704776E-003
   1.1899999999999999                                9.9405997488767953E-003
   1.1950000000000001                                9.9403497488831129E-003
   1.2000000000000000                                9.9400997488894270E-003
   1.2050000000000001                                9.9398497488957412E-003
   1.2100000000000000                                9.9395997489020570E-003
   1.2150000000000001                                9.9393497489083729E-003
   1.2200000000000000                                9.9390997489146888E-003
   1.2250000000000001                                9.9388497489210047E-003
   1.2300000000000000                                9.9385997489273188E-003
   1.2350000000000001                                9.9383497489336364E-003
   1.2400000000000000                                9.9380997489399523E-003
   1.2450000000000001                                9.9378497489462665E-003
   1.2500000000000000                                9.9375997489525806E-003
   1.2550000000000001                                9.9373497489588982E-003
   1.2600000000000000                                9.9370997489652141E-003
   1.2650000000000001                                9.9368497489715282E-003
   1.2700000000000000                                9.9365997489778424E-003
   1.2750000000000001                                9.9363497489841600E-003
   1.2800000000000000                                9.9360997489904759E-003
   1.2849999999999999                                9.9358497489967900E-003
   1.2900000000000000                                9.9355997490031059E-003
   1.2949999999999999                                9.9353497490094218E-003
   1.3000000000000000                                9.9350997490157376E-003
   1.3049999999999999                                9.9348497490220518E-003
   1.3100000000000001                                9.9345997490283659E-003
   1.3149999999999999                                9.9343497490346835E-003
   1.3200000000000001                                9.9340997490410012E-003
   1.3250000000000000                                9.9338497490473153E-003
   1.3300000000000001                                9.9335997490536294E-003
   1.3350000000000000                                9.9333497490599453E-003
   1.3400000000000001                                9.9330997490662612E-003
   1.3450000000000000                                9.9328497490725771E-003
   1.3500000000000001                                9.9325997490788930E-003
   1.3550000000000000                                9.9323497490852071E-003
   1.3600000000000001                                9.9320997490915247E-003
   1.3650000000000000                                9.9318497490978406E-003
   1.3700000000000001                                9.9315997491041547E-003
   1.3750000000000000                                9.9313497491104689E-003
   1.3800000000000001                                9.9310997491167865E-003
   1.3850000000000000                                9.9308497491231024E-003
   1.3900000000000001                                9.9305997491294165E-003
   1.3950000000000000                                9.9303497491357307E-003
   1.4000000000000001                                9.9300997491420483E-003
   1.4050000000000000                                9.9298497491483641E-003
   1.4099999999999999                                9.9295997491546783E-003
   1.4150000000000000                                9.9293497491609942E-003
   1.4199999999999999                                9.9290997491673100E-003
   1.4250000000000000                                9.9288497491736259E-003
   1.4299999999999999                                9.9285997491799401E-003
   1.4350000000000001                                9.9283497491862542E-003
   1.4399999999999999                                9.9280997491925718E-003
   1.4450000000000001                                9.9278497491988894E-003
   1.4500000000000000                                9.9275997492052036E-003
   1.4550000000000001                                9.9273497492115177E-003
   1.4600000000000000                                9.9270997492178336E-003
   1.4650000000000001                                9.9268497492241495E-003
   1.4700000000000000                                9.9265997492304654E-003
   1.4750000000000001                                9.9263497492367812E-003
   1.4800000000000000                                9.9260997492430954E-003
   1.4850000000000001                                9.9258497492494130E-003
   1.4900000000000000                                9.9255997492557289E-003
   1.4950000000000001                                9.9253497492620430E-003
   1.5000000000000000                                9.9250997492683572E-003
   1.5050000000000001                                9.9248497492746748E-003
   1.5100000000000000                                9.9245997492809906E-003
   1.5150000000000001                                9.9243497492873048E-003
   1.5200000000000000                                9.9240997492936189E-003
   1.5250000000000001                                9.9238497492999365E-003
   1.5300000000000000                                9.9235997493062524E-003
   1.5350000000000001                                9.9233497493125666E-003
   1.5400000000000000                                9.9230997493188824E-003
   1.5449999999999999                                9.9228497493251983E-003
   1.5500000000000000                                9.9225997493315142E-003
   1.5549999999999999                                9.9223497493378283E-003
   1.5600000000000001                                9.9220997493441425E-003
   1.5649999999999999                                9.9218497493504601E-003
   1.5700000000000001                                9.9215997493567777E-003
   1.5750000000000000                                9.9213497493630919E-003
   1.5800000000000001                                9.9210997493694060E-003
   1.5850000000000000                                9.9208497493757219E-003
   1.5900000000000001                                9.9205997493820378E-003
   1.5950000000000000                                9.9203497493883536E-003
   1.6000000000000001                                9.9200997493946695E-003
   1.6050000000000000                                9.9198497494009837E-003
   1.6100000000000001                                9.9195997494073013E-003
   1.6150000000000000                                9.9193497494136171E-003
   1.6200000000000001                                9.9190997494199313E-003
   1.6250000000000000                                9.9188497494262454E-003
   1.6300000000000001                                9.9185997494325630E-003
   1.6350000000000000                                9.9183497494388789E-003
   1.6400000000000001                                9.9180997494451931E-003
   1.6450000000000000                                9.9178497494515072E-003
   1.6500000000000001                                9.9175997494578248E-003
   1.6550000000000000                                9.9173497494641407E-003
   1.6600000000000001                                9.9170997494704548E-003
   1.6650000000000000                                9.9168497494767707E-003
   1.6699999999999999                                9.9165997494830866E-003
   1.6750000000000000                                9.9163497494894025E-003
   1.6799999999999999                                9.9160997494957166E-003
   1.6850000000000001                                9.9158497495020308E-003
   1.6899999999999999                                9.9155997495083484E-003
   1.6950000000000001                                9.9153497495146660E-003
   1.7000000000000000                                9.9150997495209801E-003
   1.7050000000000001                                9.9148497495272943E-003
   1.7100000000000000                                9.9145997495336102E-003
   1.7150000000000001                                9.9143497495399260E-003
   1.7200000000000000                                9.9140997495462419E-003
   1.7250000000000001                                9.9138497495525578E-003
   1.7300000000000000                                9.9135997495588719E-003
   1.7350000000000001                                9.9133497495651896E-003
   1.7400000000000000                                9.9130997495715054E-003
   1.7450000000000001                                9.9128497495778196E-003
   1.7500000000000000                                9.9125997495841337E-003
   1.7550000000000001                                9.9123497495904513E-003
   1.7600000000000000                                9.9120997495967672E-003
   1.7650000000000001                                9.9118497496030813E-003
   1.7700000000000000                                9.9115997496093955E-003
   1.7750000000000001                                9.9113497496157131E-003
   1.7800000000000000                                9.9110997496220290E-003
   1.7850000000000001                                9.9108497496283431E-003
   1.7900000000000000                                9.9105997496346590E-003
   1.7949999999999999                                9.9103497496409749E-003
   1.8000000000000000                                9.9100997496472908E-003
   1.8049999999999999                                9.9098497496536049E-003
   1.8100000000000001                                9.9095997496599190E-003
   1.8149999999999999                                9.9093497496662367E-003
   1.8200000000000001                                9.9090997496725543E-003
   1.8250000000000000                                9.9088497496788684E-003
   1.8300000000000001                                9.9085997496851826E-003
   1.8350000000000000                                9.9083497496914984E-003
   1.8400000000000001                                9.9080997496978143E-003
   1.8450000000000000                                9.9078497497041302E-003
   1.8500000000000001                                9.9075997497104461E-003
   1.8550000000000000                                9.9073497497167602E-003
   1.8600000000000001                                9.9070997497230778E-003
   1.8650000000000000                                9.9068497497293937E-003
   1.8700000000000001                                9.9065997497357079E-003
   1.8750000000000000                                9.9063497497420220E-003
   1.8800000000000001                                9.9060997497483396E-003
   1.8850000000000000                                9.9058497497546555E-003
   1.8900000000000001                                9.9055997497609696E-003
   1.8950000000000000                                9.9053497497672838E-003
   1.9000000000000001                                9.9050997497736014E-003
   1.9050000000000000                                9.9048497497799173E-003
   1.9100000000000001                                9.9045997497862314E-003
   1.9150000000000000                                9.9043497497925473E-003
   1.9199999999999999                                9.9040997497988632E-003
   1.9250000000000000                                9.9038497498051790E-003
   1.9299999999999999                                9.9035997498114932E-003
   1.9350000000000001                                9.9033497498178073E-003
   1.9399999999999999                                9.9030997498241249E-003
   1.9450000000000001                                9.9028497498304426E-003
   1.9500000000000000                                9.9025997498367567E-003
   1.9550000000000001                                9.9023497498430708E-003
   1.9600000000000000                                9.9020997498493867E-003
   1.9650000000000001                                9.9018497498557026E-003
   1.9700000000000000                                9.9015997498620185E-003
   1.9750000000000001                                9.9013497498683344E-003
   1.9800000000000000                                9.9010997498746485E-003
   1.9850000000000001                                9.9008497498809661E-003
   1.9900000000000000                                9.9005997498872820E-003
   1.9950000000000001                                9.9003497498935961E-003
   2.0000000000000000                                9.9000997498999103E-003
   2.0049999999999999                                9.8998497499062279E-003
   2.0100000000000002                                9.8995997499125438E-003
   2.0150000000000001                                9.8993497499188579E-003
   2.0200000000000000                                9.8990997499251721E-003
   2.0249999999999999                                9.8988497499314897E-003
   2.0300000000000002                                9.8985997499378055E-003
   2.0350000000000001                                9.8983497499441197E-003
   2.0400000000000000                                9.8980997499504356E-003
   2.0449999999999999                                9.8978497499567514E-003
   2.0499999999999998                                9.8975997499630673E-003
   2.0550000000000002                                9.8973497499693815E-003
   2.0600000000000001                                9.8970997499756956E-003
   2.0649999999999999                                9.8968497499820132E-003
   2.0699999999999998                                9.8965997499883308E-003
   2.0750000000000002                                9.8963497499946450E-003
   2.0800000000000001                                9.8960997500009591E-003
   2.0850000000000000                                9.8958497500072750E-003
   2.0899999999999999                                9.8955997500135909E-003
   2.0950000000000002                                9.8953497500199068E-003
   2.1000000000000001                                9.8950997500262226E-003
   2.1050000000000000                                9.8948497500325368E-003
   2.1099999999999999                                9.8945997500388544E-003
   2.1150000000000002                                9.8943497500451703E-003
   2.1200000000000001                                9.8940997500514844E-003
   2.1250000000000000                                9.8938497500577986E-003
   2.1299999999999999                                9.8935997500641162E-003
   2.1350000000000002                                9.8933497500704320E-003
   2.1400000000000001                                9.8930997500767462E-003
   2.1450000000000000                                9.8928497500830603E-003
   2.1499999999999999                                9.8925997500893779E-003
   2.1550000000000002                                9.8923497500956938E-003
   2.1600000000000001                                9.8920997501020080E-003
   2.1650000000000000                                9.8918497501083238E-003
   2.1699999999999999                                9.8915997501146397E-003
   2.1750000000000003                                9.8913497501209556E-003
   2.1800000000000002                                9.8910997501272697E-003
   2.1850000000000001                                9.8908497501335839E-003
   2.1899999999999999                                9.8905997501399015E-003
   2.1949999999999998                                9.8903497501462191E-003
   2.2000000000000002                                9.8900997501525333E-003
   2.2050000000000001                                9.8898497501588474E-003
   2.2100000000000000                                9.8895997501651633E-003
   2.2149999999999999                                9.8893497501714792E-003
   2.2200000000000002                                9.8890997501777950E-003
   2.2250000000000001                                9.8888497501841109E-003
   2.2300000000000000                                9.8885997501904251E-003
   2.2349999999999999                                9.8883497501967427E-003
   2.2400000000000002                                9.8880997502030585E-003
   2.2450000000000001                                9.8878497502093727E-003
   2.2500000000000000                                9.8875997502156868E-003
   2.2549999999999999                                9.8873497502220044E-003
   2.2600000000000002                                9.8870997502283203E-003
   2.2650000000000001                                9.8868497502346345E-003
   2.2700000000000000                                9.8865997502409486E-003
   2.2749999999999999                                9.8863497502472662E-003
   2.2800000000000002                                9.8860997502535821E-003
   2.2850000000000001                                9.8858497502598962E-003
   2.2900000000000000                                9.8855997502662121E-003
   2.2949999999999999                                9.8853497502725280E-003
   2.3000000000000003                                9.8850997502788439E-003
   2.3050000000000002                                9.8848497502851580E-003
   2.3100000000000001                                9.8845997502914722E-003
   2.3149999999999999                                9.8843497502977898E-003
   2.3199999999999998                                9.8840997503041074E-003
   2.3250000000000002                                9.8838497503104215E-003
   2.3300000000000001                                9.8835997503167357E-003
   2.3350000000000000                                9.8833497503230516E-003
   2.3399999999999999                                9.8830997503293674E-003
   2.3450000000000002                                9.8828497503356833E-003
   2.3500000000000001                                9.8825997503419992E-003
   2.3550000000000000                                9.8823497503483133E-003
   2.3599999999999999                                9.8820997503546310E-003
   2.3650000000000002                                9.8818497503609468E-003
   2.3700000000000001                                9.8815997503672610E-003
   2.3750000000000000                                9.8813497503735751E-003
   2.3799999999999999                                9.8810997503798927E-003
   2.3850000000000002                                9.8808497503862086E-003
   2.3900000000000001                                9.8805997503925228E-003
   2.3950000000000000                                9.8803497503988369E-003
   2.3999999999999999                                9.8800997504051545E-003
   2.4050000000000002                                9.8798497504114704E-003
   2.4100000000000001                                9.8795997504177845E-003
   2.4150000000000000                                9.8793497504241004E-003
   2.4199999999999999                                9.8790997504304163E-003
   2.4250000000000003                                9.8788497504367322E-003
   2.4300000000000002                                9.8785997504430463E-003
   2.4350000000000001                                9.8783497504493605E-003
   2.4399999999999999                                9.8780997504556781E-003
   2.4449999999999998                                9.8778497504619957E-003
   2.4500000000000002                                9.8775997504683098E-003
   2.4550000000000001                                9.8773497504746240E-003
   2.4600000000000000                                9.8770997504809398E-003
   2.4649999999999999                                9.8768497504872557E-003
   2.4700000000000002                                9.8765997504935716E-003
   2.4750000000000001                                9.8763497504998875E-003
   2.4800000000000000                                9.8760997505062016E-003
   2.4849999999999999                                9.8758497505125192E-003
   2.4900000000000002                                9.8755997505188351E-003
   2.4950000000000001                                9.8753497505251493E-003
   2.5000000000000000                                9.8750997505314634E-003
   2.5049999999999999                                9.8748497505377810E-003
   2.5100000000000002                                9.8745997505440969E-003
   2.5150000000000001                                9.8743497505504110E-003
   2.5200000000000000                                9.8740997505567252E-003
   2.5249999999999999                                9.8738497505630428E-003
   2.5300000000000002                                9.8735997505693587E-003
   2.5350000000000001                                9.8733497505756728E-003
   2.5400000000000000                                9.8730997505819887E-003
   2.5449999999999999                                9.8728497505883046E-003
   2.5500000000000003                                9.8725997505946204E-003
   2.5550000000000002                                9.8723497506009346E-003
   2.5600000000000001                                9.8720997506072487E-003
   2.5649999999999999                                9.8718497506135663E-003
   2.5699999999999998                                9.8715997506198840E-003
   2.5750000000000002                                9.8713497506261981E-003
   2.5800000000000001                                9.8710997506325122E-003
   2.5850000000000000                                9.8708497506388281E-003
   2.5899999999999999                                9.8705997506451440E-003
   2.5950000000000002                                9.8703497506514599E-003
   2.6000000000000001                                9.8700997506577758E-003
   2.6050000000000000                                9.8698497506640899E-003
   2.6099999999999999                                9.8695997506704075E-003
   2.6150000000000002                                9.8693497506767234E-003
   2.6200000000000001                                9.8690997506830375E-003
   2.6250000000000000                                9.8688497506893517E-003
   2.6299999999999999                                9.8685997506956693E-003
   2.6350000000000002                                9.8683497507019852E-003
   2.6400000000000001                                9.8680997507082993E-003
   2.6450000000000000                                9.8678497507146135E-003
   2.6499999999999999                                9.8675997507209311E-003
   2.6550000000000002                                9.8673497507272469E-003
   2.6600000000000001                                9.8670997507335611E-003
   2.6650000000000000                                9.8668497507398770E-003
   2.6699999999999999                                9.8665997507461928E-003
   2.6750000000000003                                9.8663497507525087E-003
   2.6800000000000002                                9.8660997507588229E-003
   2.6850000000000001                                9.8658497507651370E-003
   2.6899999999999999                                9.8655997507714546E-003
   2.6949999999999998                                9.8653497507777722E-003
   2.7000000000000002                                9.8650997507840864E-003
   2.7050000000000001                                9.8648497507904005E-003
   2.7100000000000000                                9.8645997507967164E-003
   2.7149999999999999                                9.8643497508030323E-003
   2.7200000000000002                                9.8640997508093482E-003
   2.7250000000000001                                9.8638497508156640E-003
   2.7300000000000000                                9.8635997508219782E-003
   2.7349999999999999                                9.8633497508282958E-003
   2.7400000000000002                                9.8630997508346117E-003
   2.7450000000000001                                9.8628497508409258E-003
   2.7500000000000000                                9.8625997508472400E-003
   2.7549999999999999                                9.8623497508535576E-003
   2.7600000000000002                                9.8620997508598734E-003
   2.7650000000000001                                9.8618497508661876E-003
   2.7700000000000000                                9.8615997508725017E-003
   2.7749999999999999                                9.8613497508788193E-003
   2.7800000000000002                                9.8610997508851352E-003
   2.7850000000000001                                9.8608497508914494E-003
   2.7900000000000000                                9.8605997508977652E-003
   2.7949999999999999                                9.8603497509040811E-003
   2.8000000000000003                                9.8600997509103970E-003
   2.8050000000000002                                9.8598497509167111E-003
   2.8100000000000001                                9.8595997509230253E-003
   2.8149999999999999                                9.8593497509293429E-003
   2.8199999999999998                                9.8590997509356605E-003
   2.8250000000000002                                9.8588497509419747E-003
   2.8300000000000001                                9.8585997509482888E-003
   2.8350000000000000                                9.8583497509546047E-003
   2.8399999999999999                                9.8580997509609206E-003
   2.8450000000000002                                9.8578497509672364E-003
   2.8500000000000001                                9.8575997509735523E-003
   2.8550000000000000                                9.8573497509798665E-003
   2.8599999999999999                                9.8570997509861841E-003
   2.8650000000000002                                9.8568497509925000E-003
   2.8700000000000001                                9.8565997509988141E-003
   2.8750000000000000                                9.8563497510051282E-003
   2.8799999999999999                                9.8560997510114459E-003
   2.8850000000000002                                9.8558497510177617E-003
   2.8900000000000001                                9.8555997510240759E-003
   2.8950000000000000                                9.8553497510303900E-003
   2.8999999999999999                                9.8550997510367076E-003
   2.9050000000000002                                9.8548497510430235E-003
   2.9100000000000001                                9.8545997510493376E-003
   2.9150000000000000                                9.8543497510556535E-003
   2.9199999999999999                                9.8540997510619694E-003
   2.9250000000000003                                9.8538497510682853E-003
   2.9300000000000002                                9.8535997510745994E-003
   2.9350000000000001                                9.8533497510809136E-003
   2.9399999999999999                                9.8530997510872312E-003
   2.9449999999999998                                9.8528497510935488E-003
   2.9500000000000002                                9.8525997510998629E-003
   2.9550000000000001                                9.8523497511061771E-003
   2.9600000000000000                                9.8520997511124930E-003
   2.9649999999999999                                9.8518497511188088E-003
   2.9700000000000002                                9.8515997511251247E-003
   2.9750000000000001                                9.8513497511314406E-003
   2.9800000000000000                                9.8510997511377547E-003
   2.9849999999999999                                9.8508497511440724E-003
   2.9900000000000002                                9.8505997511503882E-003
   2.9950000000000001                                9.8503497511567024E-003
   3.0000000000000000                                9.8500997511630165E-003
   3.0049999999999999                                9.8498497511693341E-003
   3.0100000000000002                                9.8495997511756500E-003
   3.0150000000000001                                9.8493497511819642E-003
   3.0200000000000000                                9.8490997511882783E-003
   3.0249999999999999                                9.8488497511945959E-003
   3.0300000000000002                                9.8485997512009118E-003
   3.0350000000000001                                9.8483497512072259E-003
   3.0400000000000000                                9.8480997512135418E-003
   3.0449999999999999                                9.8478497512198577E-003
   3.0500000000000003                                9.8475997512261736E-003
   3.0550000000000002                                9.8473497512324877E-003
   3.0600000000000001                                9.8470997512388019E-003
   3.0649999999999999                                9.8468497512451195E-003
   3.0700000000000003                                9.8465997512514371E-003
   3.0750000000000002                                9.8463497512577512E-003
   3.0800000000000001                                9.8460997512640654E-003
   3.0850000000000000                                9.8458497512703812E-003
   3.0899999999999999                                9.8455997512766971E-003
   3.0950000000000002                                9.8453497512830130E-003
   3.1000000000000001                                9.8450997512893289E-003
   3.1050000000000000                                9.8448497512956430E-003
   3.1099999999999999                                9.8445997513019606E-003
   3.1150000000000002                                9.8443497513082765E-003
   3.1200000000000001                                9.8440997513145907E-003
   3.1250000000000000                                9.8438497513209048E-003
   3.1299999999999999                                9.8435997513272224E-003
   3.1350000000000002                                9.8433497513335383E-003
   3.1400000000000001                                9.8430997513398524E-003
   3.1450000000000000                                9.8428497513461666E-003
   3.1499999999999999                                9.8425997513524842E-003
   3.1550000000000002                                9.8423497513588001E-003
   3.1600000000000001                                9.8420997513651142E-003
   3.1650000000000000                                9.8418497513714301E-003
   3.1699999999999999                                9.8415997513777460E-003
   3.1750000000000003                                9.8413497513840618E-003
   3.1800000000000002                                9.8410997513903760E-003
   3.1850000000000001                                9.8408497513966901E-003
   3.1899999999999999                                9.8405997514030077E-003
   3.1950000000000003                                9.8403497514093254E-003
   3.2000000000000002                                9.8400997514156395E-003
   3.2050000000000001                                9.8398497514219536E-003
   3.2100000000000000                                9.8395997514282695E-003
   3.2149999999999999                                9.8393497514345854E-003
   3.2200000000000002                                9.8390997514409013E-003
   3.2250000000000001                                9.8388497514472172E-003
   3.2300000000000000                                9.8385997514535313E-003
   3.2349999999999999                                9.8383497514598489E-003
   3.2400000000000002                                9.8380997514661648E-003
   3.2450000000000001                                9.8378497514724789E-003
   3.2500000000000000                                9.8375997514787931E-003
   3.2549999999999999                                9.8373497514851107E-003
   3.2600000000000002                                9.8370997514914266E-003
   3.2650000000000001                                9.8368497514977407E-003
   3.2700000000000000                                9.8365997515040549E-003
   3.2749999999999999                                9.8363497515103725E-003
   3.2800000000000002                                9.8360997515166883E-003
   3.2850000000000001                                9.8358497515230025E-003
   3.2900000000000000                                9.8355997515293184E-003
   3.2949999999999999                                9.8353497515356342E-003
   3.3000000000000003                                9.8350997515419501E-003
   3.3050000000000002                                9.8348497515482643E-003
   3.3100000000000001                                9.8345997515545784E-003
   3.3149999999999999                                9.8343497515608960E-003
   3.3200000000000003                                9.8340997515672136E-003
   3.3250000000000002                                9.8338497515735278E-003
   3.3300000000000001                                9.8335997515798419E-003
   3.3350000000000000                                9.8333497515861578E-003
   3.3399999999999999                                9.8330997515924737E-003
   3.3450000000000002                                9.8328497515987896E-003
   3.3500000000000001                                9.8325997516051054E-003
   3.3550000000000000                                9.8323497516114196E-003
   3.3599999999999999                                9.8320997516177372E-003
   3.3650000000000002                                9.8318497516240531E-003
   3.3700000000000001                                9.8315997516303672E-003
   3.3750000000000000                                9.8313497516366814E-003
   3.3799999999999999                                9.8310997516429990E-003
   3.3850000000000002                                9.8308497516493148E-003
   3.3900000000000001                                9.8305997516556290E-003
   3.3950000000000000                                9.8303497516619431E-003
   3.3999999999999999                                9.8300997516682607E-003
   3.4050000000000002                                9.8298497516745766E-003
   3.4100000000000001                                9.8295997516808908E-003
   3.4150000000000000                                9.8293497516872066E-003
   3.4199999999999999                                9.8290997516935225E-003
   3.4250000000000003                                9.8288497516998384E-003
   3.4300000000000002                                9.8285997517061525E-003
   3.4350000000000001                                9.8283497517124667E-003
   3.4399999999999999                                9.8280997517187843E-003
   3.4450000000000003                                9.8278497517251019E-003
   3.4500000000000002                                9.8275997517314161E-003
   3.4550000000000001                                9.8273497517377302E-003
   3.4600000000000000                                9.8270997517440461E-003
   3.4649999999999999                                9.8268497517503620E-003
   3.4700000000000002                                9.8265997517566778E-003
   3.4750000000000001                                9.8263497517629937E-003
   3.4800000000000000                                9.8260997517693079E-003
   3.4849999999999999                                9.8258497517756255E-003
   3.4900000000000002                                9.8255997517819414E-003
   3.4950000000000001                                9.8253497517882555E-003
   3.5000000000000000                                9.8250997517945696E-003
   3.5049999999999999                                9.8248497518008873E-003
   3.5100000000000002                                9.8245997518072031E-003
   3.5150000000000001                                9.8243497518135173E-003
   3.5200000000000000                                9.8240997518198314E-003
   3.5249999999999999                                9.8238497518261490E-003
   3.5300000000000002                                9.8235997518324649E-003
   3.5350000000000001                                9.8233497518387791E-003
   3.5400000000000000                                9.8230997518450949E-003
   3.5449999999999999                                9.8228497518514108E-003
   3.5500000000000003                                9.8225997518577267E-003
   3.5550000000000002                                9.8223497518640408E-003
   3.5600000000000001                                9.8220997518703550E-003
   3.5649999999999999                                9.8218497518766726E-003
   3.5700000000000003                                9.8215997518829902E-003
   3.5750000000000002                                9.8213497518893043E-003
   3.5800000000000001                                9.8210997518956185E-003
   3.5850000000000000                                9.8208497519019344E-003
   3.5899999999999999                                9.8205997519082502E-003
   3.5950000000000002                                9.8203497519145661E-003
   3.6000000000000001                                9.8200997519208820E-003
   3.6050000000000000                                9.8198497519271961E-003
   3.6099999999999999                                9.8195997519335138E-003
   3.6150000000000002                                9.8193497519398296E-003
   3.6200000000000001                                9.8190997519461438E-003
   3.6250000000000000                                9.8188497519524579E-003
   3.6299999999999999                                9.8185997519587755E-003
   3.6350000000000002                                9.8183497519650914E-003
   3.6400000000000001                                9.8180997519714056E-003
   3.6450000000000000                                9.8178497519777197E-003
   3.6499999999999999                                9.8175997519840373E-003
   3.6550000000000002                                9.8173497519903532E-003
   3.6600000000000001                                9.8170997519966673E-003
   3.6650000000000000                                9.8168497520029832E-003
   3.6699999999999999                                9.8165997520092991E-003
   3.6750000000000003                                9.8163497520156150E-003
   3.6800000000000002                                9.8160997520219291E-003
   3.6850000000000001                                9.8158497520282433E-003
   3.6899999999999999                                9.8155997520345609E-003
   3.6950000000000003                                9.8153497520408785E-003
   3.7000000000000002                                9.8150997520471926E-003
   3.7050000000000001                                9.8148497520535068E-003
   3.7100000000000000                                9.8145997520598226E-003
   3.7149999999999999                                9.8143497520661385E-003
   3.7200000000000002                                9.8140997520724544E-003
   3.7250000000000001                                9.8138497520787703E-003
   3.7300000000000000                                9.8135997520850844E-003
   3.7349999999999999                                9.8133497520914020E-003
   3.7400000000000002                                9.8130997520977179E-003
   3.7450000000000001                                9.8128497521040321E-003
   3.7500000000000000                                9.8125997521103462E-003
   3.7549999999999999                                9.8123497521166638E-003
   3.7600000000000002                                9.8120997521229797E-003
   3.7650000000000001                                9.8118497521292938E-003
   3.7700000000000000                                9.8115997521356080E-003
   3.7749999999999999                                9.8113497521419256E-003
   3.7800000000000002                                9.8110997521482415E-003
   3.7850000000000001                                9.8108497521545556E-003
   3.7900000000000000                                9.8105997521608715E-003
   3.7949999999999999                                9.8103497521671874E-003
   3.8000000000000003                                9.8100997521735032E-003
   3.8050000000000002                                9.8098497521798174E-003
   3.8100000000000001                                9.8095997521861315E-003
   3.8149999999999999                                9.8093497521924491E-003
   3.8200000000000003                                9.8090997521987668E-003
   3.8250000000000002                                9.8088497522050809E-003
   3.8300000000000001                                9.8085997522113950E-003
   3.8350000000000000                                9.8083497522177109E-003
   3.8399999999999999                                9.8080997522240268E-003
   3.8450000000000002                                9.8078497522303427E-003
   3.8500000000000001                                9.8075997522366586E-003
   3.8550000000000000                                9.8073497522429727E-003
   3.8599999999999999                                9.8070997522492903E-003
   3.8650000000000002                                9.8068497522556062E-003
   3.8700000000000001                                9.8065997522619203E-003
   3.8750000000000000                                9.8063497522682345E-003
   3.8799999999999999                                9.8060997522745521E-003
   3.8850000000000002                                9.8058497522808680E-003
   3.8900000000000001                                9.8055997522871821E-003
   3.8950000000000000                                9.8053497522934963E-003
   3.8999999999999999                                9.8050997522998139E-003
   3.9050000000000002                                9.8048497523061297E-003
   3.9100000000000001                                9.8045997523124439E-003
   3.9150000000000000                                9.8043497523187598E-003
   3.9199999999999999                                9.8040997523250756E-003
   3.9250000000000003                                9.8038497523313915E-003
   3.9300000000000002                                9.8035997523377057E-003
   3.9350000000000001                                9.8033497523440198E-003
   3.9399999999999999                                9.8030997523503374E-003
   3.9450000000000003                                9.8028497523566550E-003
   3.9500000000000002                                9.8025997523629692E-003
   3.9550000000000001                                9.8023497523692833E-003
   3.9600000000000000                                9.8020997523755992E-003
   3.9650000000000003                                9.8018497523819151E-003
   3.9700000000000002                                9.8015997523882310E-003
   3.9750000000000001                                9.8013497523945468E-003
   3.9800000000000000                                9.8010997524008610E-003
   3.9849999999999999                                9.8008497524071786E-003
   3.9900000000000002                                9.8005997524134945E-003
   3.9950000000000001                                9.8003497524198086E-003
   4.0000000000000000                                9.8000997524261228E-003
   4.0049999999999999                                9.7998497524324404E-003
   4.0099999999999998                                9.7995997524387563E-003
   4.0149999999999997                                9.7993497524450704E-003
   4.0200000000000005                                9.7990997524513845E-003
   4.0250000000000004                                9.7988497524577022E-003
   4.0300000000000002                                9.7985997524640180E-003
   4.0350000000000001                                9.7983497524703322E-003
   4.0400000000000000                                9.7980997524766480E-003
   4.0449999999999999                                9.7978497524829639E-003
   4.0499999999999998                                9.7975997524892798E-003
   4.0549999999999997                                9.7973497524955939E-003
   4.0600000000000005                                9.7970997525019081E-003
   4.0650000000000004                                9.7968497525082257E-003
   4.0700000000000003                                9.7965997525145433E-003
   4.0750000000000002                                9.7963497525208575E-003
   4.0800000000000001                                9.7960997525271716E-003
   4.0850000000000000                                9.7958497525334875E-003
   4.0899999999999999                                9.7955997525398034E-003
   4.0949999999999998                                9.7953497525461192E-003
   4.0999999999999996                                9.7950997525524351E-003
   4.1050000000000004                                9.7948497525587493E-003
   4.1100000000000003                                9.7945997525650669E-003
   4.1150000000000002                                9.7943497525713828E-003
   4.1200000000000001                                9.7940997525776969E-003
   4.1250000000000000                                9.7938497525840110E-003
   4.1299999999999999                                9.7935997525903287E-003
   4.1349999999999998                                9.7933497525966445E-003
   4.1399999999999997                                9.7930997526029587E-003
   4.1450000000000005                                9.7928497526092728E-003
   4.1500000000000004                                9.7925997526155904E-003
   4.1550000000000002                                9.7923497526219063E-003
   4.1600000000000001                                9.7920997526282205E-003
   4.1650000000000000                                9.7918497526345363E-003
   4.1699999999999999                                9.7915997526408522E-003
   4.1749999999999998                                9.7913497526471681E-003
   4.1799999999999997                                9.7910997526534822E-003
   4.1850000000000005                                9.7908497526597964E-003
   4.1900000000000004                                9.7905997526661140E-003
   4.1950000000000003                                9.7903497526724316E-003
   4.2000000000000002                                9.7900997526787457E-003
   4.2050000000000001                                9.7898497526850599E-003
   4.2100000000000000                                9.7895997526913758E-003
   4.2149999999999999                                9.7893497526976916E-003
   4.2199999999999998                                9.7890997527040075E-003
   4.2249999999999996                                9.7888497527103234E-003
   4.2300000000000004                                9.7885997527166375E-003
   4.2350000000000003                                9.7883497527229552E-003
   4.2400000000000002                                9.7880997527292710E-003
   4.2450000000000001                                9.7878497527355852E-003
   4.2500000000000000                                9.7875997527418993E-003
   4.2549999999999999                                9.7873497527482169E-003
   4.2599999999999998                                9.7870997527545328E-003
   4.2649999999999997                                9.7868497527608470E-003
   4.2700000000000005                                9.7865997527671611E-003
   4.2750000000000004                                9.7863497527734787E-003
   4.2800000000000002                                9.7860997527797946E-003
   4.2850000000000001                                9.7858497527861087E-003
   4.2900000000000000                                9.7855997527924246E-003
   4.2949999999999999                                9.7853497527987405E-003
   4.2999999999999998                                9.7850997528050564E-003
   4.3049999999999997                                9.7848497528113705E-003
   4.3100000000000005                                9.7845997528176847E-003
   4.3150000000000004                                9.7843497528240023E-003
   4.3200000000000003                                9.7840997528303199E-003
   4.3250000000000002                                9.7838497528366340E-003
   4.3300000000000001                                9.7835997528429482E-003
   4.3350000000000000                                9.7833497528492640E-003
   4.3399999999999999                                9.7830997528555799E-003
   4.3449999999999998                                9.7828497528618958E-003
   4.3500000000000005                                9.7825997528682117E-003
   4.3550000000000004                                9.7823497528745258E-003
   4.3600000000000003                                9.7820997528808434E-003
   4.3650000000000002                                9.7818497528871593E-003
   4.3700000000000001                                9.7815997528934735E-003
   4.3750000000000000                                9.7813497528997876E-003
   4.3799999999999999                                9.7810997529061052E-003
   4.3849999999999998                                9.7808497529124211E-003
   4.3899999999999997                                9.7805997529187352E-003
   4.3950000000000005                                9.7803497529250494E-003
   4.4000000000000004                                9.7800997529313670E-003
   4.4050000000000002                                9.7798497529376829E-003
   4.4100000000000001                                9.7795997529439970E-003
   4.4150000000000000                                9.7793497529503129E-003
   4.4199999999999999                                9.7790997529566288E-003
   4.4249999999999998                                9.7788497529629446E-003
   4.4299999999999997                                9.7785997529692588E-003
   4.4350000000000005                                9.7783497529755729E-003
   4.4400000000000004                                9.7780997529818905E-003
   4.4450000000000003                                9.7778497529882082E-003
   4.4500000000000002                                9.7775997529945223E-003
   4.4550000000000001                                9.7773497530008364E-003
   4.4600000000000000                                9.7770997530071523E-003
   4.4649999999999999                                9.7768497530134682E-003
   4.4699999999999998                                9.7765997530197841E-003
   4.4750000000000005                                9.7763497530261000E-003
   4.4800000000000004                                9.7760997530324141E-003
   4.4850000000000003                                9.7758497530387317E-003
   4.4900000000000002                                9.7755997530450476E-003
   4.4950000000000001                                9.7753497530513617E-003
   4.5000000000000000                                9.7750997530576759E-003
   4.5049999999999999                                9.7748497530639935E-003
   4.5099999999999998                                9.7745997530703094E-003
   4.5149999999999997                                9.7743497530766235E-003
   4.5200000000000005                                9.7740997530829377E-003
   4.5250000000000004                                9.7738497530892553E-003
   4.5300000000000002                                9.7735997530955711E-003
   4.5350000000000001                                9.7733497531018853E-003
   4.5400000000000000                                9.7730997531082012E-003
   4.5449999999999999                                9.7728497531145170E-003
   4.5499999999999998                                9.7725997531208329E-003
   4.5549999999999997                                9.7723497531271471E-003
   4.5600000000000005                                9.7720997531334612E-003
   4.5650000000000004                                9.7718497531397788E-003
   4.5700000000000003                                9.7715997531460964E-003
   4.5750000000000002                                9.7713497531524106E-003
   4.5800000000000001                                9.7710997531587247E-003
   4.5850000000000000                                9.7708497531650406E-003
   4.5899999999999999                                9.7705997531713565E-003
   4.5949999999999998                                9.7703497531776724E-003
   4.6000000000000005                                9.7700997531839882E-003
   4.6050000000000004                                9.7698497531903024E-003
   4.6100000000000003                                9.7695997531966200E-003
   4.6150000000000002                                9.7693497532029359E-003
   4.6200000000000001                                9.7690997532092500E-003
   4.6250000000000000                                9.7688497532155642E-003
   4.6299999999999999                                9.7685997532218818E-003
   4.6349999999999998                                9.7683497532281977E-003
   4.6399999999999997                                9.7680997532345118E-003
   4.6450000000000005                                9.7678497532408259E-003
   4.6500000000000004                                9.7675997532471436E-003
   4.6550000000000002                                9.7673497532534594E-003
   4.6600000000000001                                9.7670997532597736E-003
   4.6650000000000000                                9.7668497532660895E-003
   4.6699999999999999                                9.7665997532724053E-003
   4.6749999999999998                                9.7663497532787212E-003
   4.6799999999999997                                9.7660997532850354E-003
   4.6850000000000005                                9.7658497532913495E-003
   4.6900000000000004                                9.7655997532976671E-003
   4.6950000000000003                                9.7653497533039847E-003
   4.7000000000000002                                9.7650997533102989E-003
   4.7050000000000001                                9.7648497533166130E-003
   4.7100000000000000                                9.7645997533229289E-003
   4.7149999999999999                                9.7643497533292448E-003
   4.7199999999999998                                9.7640997533355606E-003
   4.7250000000000005                                9.7638497533418765E-003
   4.7300000000000004                                9.7635997533481907E-003
   4.7350000000000003                                9.7633497533545083E-003
   4.7400000000000002                                9.7630997533608242E-003
   4.7450000000000001                                9.7628497533671383E-003
   4.7500000000000000                                9.7625997533734524E-003
   4.7549999999999999                                9.7623497533797701E-003
   4.7599999999999998                                9.7620997533860859E-003
   4.7649999999999997                                9.7618497533924001E-003
   4.7700000000000005                                9.7615997533987142E-003
   4.7750000000000004                                9.7613497534050318E-003
   4.7800000000000002                                9.7610997534113477E-003
   4.7850000000000001                                9.7608497534176619E-003
   4.7900000000000000                                9.7605997534239777E-003
   4.7949999999999999                                9.7603497534302936E-003
   4.7999999999999998                                9.7600997534366095E-003
   4.8049999999999997                                9.7598497534429236E-003
   4.8100000000000005                                9.7595997534492378E-003
   4.8150000000000004                                9.7593497534555554E-003
   4.8200000000000003                                9.7590997534618730E-003
   4.8250000000000002                                9.7588497534681871E-003
   4.8300000000000001                                9.7585997534745013E-003
   4.8350000000000000                                9.7583497534808172E-003
   4.8399999999999999                                9.7580997534871330E-003
   4.8449999999999998                                9.7578497534934489E-003
   4.8500000000000005                                9.7575997534997648E-003
   4.8550000000000004                                9.7573497535060789E-003
   4.8600000000000003                                9.7570997535123966E-003
   4.8650000000000002                                9.7568497535187124E-003
   4.8700000000000001                                9.7565997535250266E-003
   4.8750000000000000                                9.7563497535313407E-003
   4.8799999999999999                                9.7560997535376583E-003
   4.8849999999999998                                9.7558497535439742E-003
   4.8899999999999997                                9.7555997535502884E-003
   4.8950000000000005                                9.7553497535566025E-003
   4.9000000000000004                                9.7550997535629201E-003
   4.9050000000000002                                9.7548497535692360E-003
   4.9100000000000001                                9.7545997535755501E-003
   4.9150000000000000                                9.7543497535818660E-003
   4.9199999999999999                                9.7540997535881819E-003
   4.9249999999999998                                9.7538497535944978E-003
   4.9299999999999997                                9.7535997536008119E-003
   4.9350000000000005                                9.7533497536071261E-003
   4.9400000000000004                                9.7530997536134437E-003
   4.9450000000000003                                9.7528497536197613E-003
   4.9500000000000002                                9.7525997536260754E-003
   4.9550000000000001                                9.7523497536323896E-003
   4.9600000000000000                                9.7520997536387054E-003
   4.9649999999999999                                9.7518497536450213E-003
   4.9699999999999998                                9.7515997536513372E-003
   4.9750000000000005                                9.7513497536576531E-003
   4.9800000000000004                                9.7510997536639672E-003
   4.9850000000000003                                9.7508497536702848E-003
   4.9900000000000002                                9.7505997536766007E-003
   4.9950000000000001                                9.7503497536829149E-003
   5.0000000000000000                                9.7500997536892290E-003
