   0.0000000000000000                                0.0000000000000000     
   5.0000000000000001E-003                           3.3333020088285323     
   1.0000000000000000E-002                          0.27770710349424865     
   1.4999999999999999E-002                          -1.4641804307492634     
   2.0000000000000000E-002                         -0.24599072338411343     
   2.5000000000000001E-002                          0.63272146794409811     
   2.9999999999999999E-002                          0.16241493999188844     
   3.5000000000000003E-002                         -0.26884157844976520     
   4.0000000000000001E-002                          -9.4938002268896787E-002
   4.4999999999999998E-002                          0.11197224096817432     
   5.0000000000000003E-002                           5.1622371278464779E-002
   5.5000000000000000E-002                          -4.5726113935756624E-002
   5.9999999999999998E-002                          -2.6911551402154097E-002
   6.5000000000000002E-002                           1.8091330800612485E-002
   7.0000000000000007E-002                           1.3446880015108739E-002
   7.4999999999999997E-002                          -7.0195687966414788E-003
   8.0000000000000002E-002                          -6.6528430316696611E-003
   8.5000000000000006E-002                           2.5094490285566496E-003
   8.9999999999999997E-002                           3.1093476757392364E-003
   9.5000000000000001E-002                          -9.2869734918912469E-004
  0.10000000000000001                               -1.5328643100347684E-003
  0.10500000000000000                                2.1848561542196407E-004
  0.11000000000000000                                6.3399903606950838E-004
  0.11500000000000000                               -1.1279312447552551E-004
  0.12000000000000000                               -3.6041983238504306E-004
  0.12500000000000000                               -4.7851253571051973E-005
  0.13000000000000000                                8.8682358307221460E-005
  0.13500000000000001                               -3.9401860705083646E-005
  0.14000000000000001                               -1.1099419190501471E-004
  0.14499999999999999                               -5.9811532753650298E-005
  0.14999999999999999                               -2.3603203599932931E-005
  0.15500000000000000                               -4.3422549455615682E-005
  0.16000000000000000                               -6.1229614618133426E-005
  0.16500000000000001                               -5.3870530322061341E-005
  0.17000000000000001                               -4.5312106835422090E-005
  0.17500000000000002                               -4.7882385021536043E-005
  0.17999999999999999                               -5.1915177106922864E-005
  0.18500000000000000                               -5.1104435050321957E-005
  0.19000000000000000                               -4.9237519766799997E-005
  0.19500000000000001                               -4.9443680792711858E-005
  0.20000000000000001                               -5.0293842188110186E-005
  0.20500000000000002                               -5.0272703950062591E-005
  0.20999999999999999                               -4.9891616943085236E-005
  0.21500000000000000                               -4.9869291153260938E-005
  0.22000000000000000                               -5.0037464284631874E-005
  0.22500000000000001                               -5.0061440049339192E-005
  0.23000000000000001                               -4.9988402448766752E-005
  0.23500000000000001                               -4.9971618460176422E-005
  0.23999999999999999                               -5.0002807751628592E-005
  0.24500000000000000                               -5.0012895549167025E-005
  0.25000000000000000                               -4.9999820143381038E-005
  0.25500000000000000                               -4.9994229546743243E-005
  0.26000000000000001                               -4.9999597656095993E-005
  0.26500000000000001                               -5.0002539413711377E-005
  0.27000000000000002                               -5.0000389414410117E-005
  0.27500000000000002                               -4.9998897692478659E-005
  0.28000000000000003                               -4.9999732669442945E-005
  0.28500000000000003                               -5.0000467829562466E-005
  0.28999999999999998                               -5.0000156542185141E-005
  0.29499999999999998                               -4.9999802587012251E-005
  0.29999999999999999                               -4.9999911981503072E-005
  0.30499999999999999                               -5.0000079025711297E-005
  0.31000000000000000                               -5.0000044136032132E-005
  0.31500000000000000                               -4.9999966696617212E-005
  0.32000000000000001                               -4.9999975809969896E-005
  0.32500000000000001                               -5.0000011121742500E-005
  0.33000000000000002                               -5.0000009999109284E-005
  0.33500000000000002                               -4.9999994149656200E-005
  0.34000000000000002                               -4.9999993330039805E-005
  0.34500000000000003                               -5.0000000332792024E-005
  0.35000000000000003                               -5.0000001282526605E-005
  0.35499999999999998                               -4.9999998236627074E-005
  0.35999999999999999                               -4.9999997559735019E-005
  0.36499999999999999                               -4.9999998862434402E-005
  0.37000000000000000                               -4.9999999272414354E-005
  0.37500000000000000                               -4.9999998725248004E-005
  0.38000000000000000                               -4.9999998496816045E-005
  0.38500000000000001                               -4.9999998721942177E-005
  0.39000000000000001                               -4.9999998843027400E-005
  0.39500000000000002                               -4.9999998752649276E-005
  0.40000000000000002                               -4.9999998690880394E-005
  0.40500000000000003                               -4.9999998725997316E-005
  0.41000000000000003                               -4.9999998757408679E-005
  0.41500000000000004                               -4.9999998743246980E-005
  0.41999999999999998                               -4.9999998727536687E-005
  0.42499999999999999                               -4.9999998733858080E-005
  0.42999999999999999                               -4.9999998740891638E-005
  0.43500000000000000                               -4.9999998738499211E-005
  0.44000000000000000                               -4.9999998735238520E-005
  0.44500000000000001                               -4.9999998736235885E-005
  0.45000000000000001                               -4.9999998737515731E-005
  0.45500000000000002                               -4.9999998737563389E-005
  0.46000000000000002                               -4.9999998736442405E-005
  0.46500000000000002                               -4.9999998736068748E-005
  0.47000000000000003                               -4.9999998736891576E-005
  0.47500000000000003                               -4.9999998736976381E-005
  0.47999999999999998                               -4.9999998737004652E-005
  0.48499999999999999                               -4.9999998736445637E-005
  0.48999999999999999                               -4.9999998737396164E-005
  0.49500000000000000                               -4.9999998736955097E-005
  0.50000000000000000                               -4.9999998736429117E-005
  0.50500000000000000                               -4.9999998737201184E-005
  0.51000000000000001                               -4.9999998736700621E-005
  0.51500000000000001                               -4.9999998736344291E-005
  0.52000000000000002                               -4.9999998737172906E-005
  0.52500000000000002                               -4.9999998737070158E-005
  0.53000000000000003                               -4.9999998736467477E-005
  0.53500000000000003                               -4.9999998736645530E-005
  0.54000000000000004                               -4.9999998736704883E-005
  0.54500000000000004                               -4.9999998736724670E-005
  0.55000000000000004                               -4.9999998737110226E-005
  0.55500000000000005                               -4.9999998737428229E-005
  0.56000000000000005                               -4.9999998736586834E-005
  0.56500000000000006                               -4.9999998736116880E-005
  0.57000000000000006                               -4.9999998736907629E-005
  0.57500000000000007                               -4.9999998737360683E-005
  0.57999999999999996                               -4.9999998737511706E-005
  0.58499999999999996                               -4.9999998736804135E-005
  0.58999999999999997                               -4.9999998735810369E-005
  0.59499999999999997                               -4.9999998737184406E-005
  0.59999999999999998                               -4.9999998737642427E-005
  0.60499999999999998                               -4.9999998737037185E-005
  0.60999999999999999                               -4.9999998736456486E-005
  0.61499999999999999                               -4.9999998737399782E-005
  0.62000000000000000                               -4.9999998736956303E-005
  0.62500000000000000                               -4.9999998736429523E-005
  0.63000000000000000                               -4.9999998737201319E-005
  0.63500000000000001                               -4.9999998736700675E-005
  0.64000000000000001                               -4.9999998736344312E-005
  0.64500000000000002                               -4.9999998737172913E-005
  0.65000000000000002                               -4.9999998737070165E-005
  0.65500000000000003                               -4.9999998736467477E-005
  0.66000000000000003                               -4.9999998736645530E-005
  0.66500000000000004                               -4.9999998736704883E-005
  0.67000000000000004                               -4.9999998736724670E-005
  0.67500000000000004                               -4.9999998737110226E-005
  0.68000000000000005                               -4.9999998737428229E-005
  0.68500000000000005                               -4.9999998736586834E-005
  0.69000000000000006                               -4.9999998736116880E-005
  0.69500000000000006                               -4.9999998736907629E-005
  0.70000000000000007                               -4.9999998737360683E-005
  0.70499999999999996                               -4.9999998737511706E-005
  0.70999999999999996                               -4.9999998736804135E-005
  0.71499999999999997                               -4.9999998735810369E-005
  0.71999999999999997                               -4.9999998737184406E-005
  0.72499999999999998                               -4.9999998737642427E-005
  0.72999999999999998                               -4.9999998737037185E-005
  0.73499999999999999                               -4.9999998736456486E-005
  0.73999999999999999                               -4.9999998737399782E-005
  0.74500000000000000                               -4.9999998736956303E-005
  0.75000000000000000                               -4.9999998736429523E-005
  0.75500000000000000                               -4.9999998737201319E-005
  0.76000000000000001                               -4.9999998736700675E-005
  0.76500000000000001                               -4.9999998736344312E-005
  0.77000000000000002                               -4.9999998737172913E-005
  0.77500000000000002                               -4.9999998737070165E-005
  0.78000000000000003                               -4.9999998736467477E-005
  0.78500000000000003                               -4.9999998736645530E-005
  0.79000000000000004                               -4.9999998736704883E-005
  0.79500000000000004                               -4.9999998736724670E-005
  0.80000000000000004                               -4.9999998737110226E-005
  0.80500000000000005                               -4.9999998737428229E-005
  0.81000000000000005                               -4.9999998736586834E-005
  0.81500000000000006                               -4.9999998736116880E-005
  0.82000000000000006                               -4.9999998736907629E-005
  0.82500000000000007                               -4.9999998737360683E-005
  0.83000000000000007                               -4.9999998737511706E-005
  0.83499999999999996                               -4.9999998736804135E-005
  0.83999999999999997                               -4.9999998735810369E-005
  0.84499999999999997                               -4.9999998737184406E-005
  0.84999999999999998                               -4.9999998737642427E-005
  0.85499999999999998                               -4.9999998737037185E-005
  0.85999999999999999                               -4.9999998736456486E-005
  0.86499999999999999                               -4.9999998737399782E-005
  0.87000000000000000                               -4.9999998736956303E-005
  0.87500000000000000                               -4.9999998736429523E-005
  0.88000000000000000                               -4.9999998737201319E-005
  0.88500000000000001                               -4.9999998736700675E-005
  0.89000000000000001                               -4.9999998736344312E-005
  0.89500000000000002                               -4.9999998737172913E-005
  0.90000000000000002                               -4.9999998737070165E-005
  0.90500000000000003                               -4.9999998736467477E-005
  0.91000000000000003                               -4.9999998736645530E-005
  0.91500000000000004                               -4.9999998736704883E-005
  0.92000000000000004                               -4.9999998736724670E-005
  0.92500000000000004                               -4.9999998737110226E-005
  0.93000000000000005                               -4.9999998737428229E-005
  0.93500000000000005                               -4.9999998736586834E-005
  0.94000000000000006                               -4.9999998736116880E-005
  0.94500000000000006                               -4.9999998736907629E-005
  0.95000000000000007                               -4.9999998737360683E-005
  0.95500000000000007                               -4.9999998737511706E-005
  0.95999999999999996                               -4.9999998736804135E-005
  0.96499999999999997                               -4.9999998735810369E-005
  0.96999999999999997                               -4.9999998737184406E-005
  0.97499999999999998                               -4.9999998737642427E-005
  0.97999999999999998                               -4.9999998737037185E-005
  0.98499999999999999                               -4.9999998736456486E-005
  0.98999999999999999                               -4.9999998737399782E-005
  0.99500000000000000                               -4.9999998736956303E-005
   1.0000000000000000                               -4.9999998736429523E-005
   1.0050000000000001                               -4.9999998737201319E-005
   1.0100000000000000                               -4.9999998736700675E-005
   1.0150000000000001                               -4.9999998736344312E-005
   1.0200000000000000                               -4.9999998737172913E-005
   1.0249999999999999                               -4.9999998737070165E-005
   1.0300000000000000                               -4.9999998736467477E-005
   1.0349999999999999                               -4.9999998736645530E-005
   1.0400000000000000                               -4.9999998736704883E-005
   1.0449999999999999                               -4.9999998736724670E-005
   1.0500000000000000                               -4.9999998737110226E-005
   1.0549999999999999                               -4.9999998737428229E-005
   1.0600000000000001                               -4.9999998736586834E-005
   1.0649999999999999                               -4.9999998736116880E-005
   1.0700000000000001                               -4.9999998736907629E-005
   1.0750000000000000                               -4.9999998737360683E-005
   1.0800000000000001                               -4.9999998737511706E-005
   1.0850000000000000                               -4.9999998736804135E-005
   1.0900000000000001                               -4.9999998735810369E-005
   1.0950000000000000                               -4.9999998737184406E-005
   1.1000000000000001                               -4.9999998737642427E-005
   1.1050000000000000                               -4.9999998737037185E-005
   1.1100000000000001                               -4.9999998736456486E-005
   1.1150000000000000                               -4.9999998737399782E-005
   1.1200000000000001                               -4.9999998736956303E-005
   1.1250000000000000                               -4.9999998736429523E-005
   1.1300000000000001                               -4.9999998737201319E-005
   1.1350000000000000                               -4.9999998736700675E-005
   1.1400000000000001                               -4.9999998736344312E-005
   1.1450000000000000                               -4.9999998737172913E-005
   1.1500000000000001                               -4.9999998737070165E-005
   1.1550000000000000                               -4.9999998736467477E-005
   1.1599999999999999                               -4.9999998736645530E-005
   1.1650000000000000                               -4.9999998736704883E-005
   1.1699999999999999                               -4.9999998736724670E-005
   1.1750000000000000                               -4.9999998737110226E-005
   1.1799999999999999                               -4.9999998737049260E-005
   1.1850000000000001                               -4.9999998736649982E-005
   1.1899999999999999                               -4.9999998736137941E-005
   1.1950000000000001                               -4.9999998737104121E-005
   1.2000000000000000                               -4.9999998737426190E-005
   1.2050000000000001                               -4.9999998736586150E-005
   1.2100000000000000                               -4.9999998736685090E-005
   1.2150000000000001                               -4.9999998736718070E-005
   1.2200000000000000                               -4.9999998736918546E-005
   1.2250000000000001                               -4.9999998736985373E-005
   1.2300000000000000                               -4.9999998736818162E-005
   1.2350000000000001                               -4.9999998736383472E-005
   1.2400000000000000                               -4.9999998737375449E-005
   1.2450000000000001                               -4.9999998737327154E-005
   1.2500000000000000                               -4.9999998736742614E-005
   1.2550000000000001                               -4.9999998736358291E-005
   1.2600000000000000                               -4.9999998736988097E-005
   1.2650000000000001                               -4.9999998737008548E-005
   1.2700000000000000                               -4.9999998736636423E-005
   1.2750000000000001                               -4.9999998736322899E-005
   1.2800000000000000                               -4.9999998737165778E-005
   1.2849999999999999                               -4.9999998737067786E-005
   1.2900000000000000                               -4.9999998736656155E-005
   1.2949999999999999                               -4.9999998736708427E-005
   1.3000000000000000                               -4.9999998737104805E-005
   1.3049999999999999                               -4.9999998737047457E-005
   1.3100000000000001                               -4.9999998736649386E-005
   1.3149999999999999                               -4.9999998736137744E-005
   1.3200000000000001                               -4.9999998737104053E-005
   1.3250000000000000                               -4.9999998737426162E-005
   1.3300000000000001                               -4.9999998736586143E-005
   1.3350000000000000                               -4.9999998736685097E-005
   1.3400000000000001                               -4.9999998736718070E-005
   1.3450000000000000                               -4.9999998736918546E-005
   1.3500000000000001                               -4.9999998736985373E-005
   1.3550000000000000                               -4.9999998736818162E-005
   1.3600000000000001                               -4.9999998736383472E-005
   1.3650000000000000                               -4.9999998737375449E-005
   1.3700000000000001                               -4.9999998737327154E-005
   1.3750000000000000                               -4.9999998736742614E-005
   1.3800000000000001                               -4.9999998736358291E-005
   1.3850000000000000                               -4.9999998736988097E-005
   1.3900000000000001                               -4.9999998737008548E-005
   1.3950000000000000                               -4.9999998736636423E-005
   1.4000000000000001                               -4.9999998736322899E-005
   1.4050000000000000                               -4.9999998737165778E-005
   1.4099999999999999                               -4.9999998737067786E-005
   1.4150000000000000                               -4.9999998736656155E-005
   1.4199999999999999                               -4.9999998736708427E-005
   1.4250000000000000                               -4.9999998737104805E-005
   1.4299999999999999                               -4.9999998737047457E-005
   1.4350000000000001                               -4.9999998736649386E-005
   1.4399999999999999                               -4.9999998736137744E-005
   1.4450000000000001                               -4.9999998737104053E-005
   1.4500000000000000                               -4.9999998737426162E-005
   1.4550000000000001                               -4.9999998736586143E-005
   1.4600000000000000                               -4.9999998736685097E-005
   1.4650000000000001                               -4.9999998736718070E-005
   1.4700000000000000                               -4.9999998736918546E-005
   1.4750000000000001                               -4.9999998736985373E-005
   1.4800000000000000                               -4.9999998736818162E-005
   1.4850000000000001                               -4.9999998736383472E-005
   1.4900000000000000                               -4.9999998737375449E-005
   1.4950000000000001                               -4.9999998737327154E-005
   1.5000000000000000                               -4.9999998736742614E-005
   1.5050000000000001                               -4.9999998736358291E-005
   1.5100000000000000                               -4.9999998736988097E-005
   1.5150000000000001                               -4.9999998737008548E-005
   1.5200000000000000                               -4.9999998736636423E-005
   1.5250000000000001                               -4.9999998736322899E-005
   1.5300000000000000                               -4.9999998737165778E-005
   1.5350000000000001                               -4.9999998737067786E-005
   1.5400000000000000                               -4.9999998736656155E-005
   1.5449999999999999                               -4.9999998736708427E-005
   1.5500000000000000                               -4.9999998737104805E-005
   1.5549999999999999                               -4.9999998737047457E-005
   1.5600000000000001                               -4.9999998736649386E-005
   1.5649999999999999                               -4.9999998736137744E-005
   1.5700000000000001                               -4.9999998737104053E-005
   1.5750000000000000                               -4.9999998737426162E-005
   1.5800000000000001                               -4.9999998736586143E-005
   1.5850000000000000                               -4.9999998736685097E-005
   1.5900000000000001                               -4.9999998736718070E-005
   1.5950000000000000                               -4.9999998736918546E-005
   1.6000000000000001                               -4.9999998736985373E-005
   1.6050000000000000                               -4.9999998736818162E-005
   1.6100000000000001                               -4.9999998736383472E-005
   1.6150000000000000                               -4.9999998737375449E-005
   1.6200000000000001                               -4.9999998737327154E-005
   1.6250000000000000                               -4.9999998736742614E-005
   1.6300000000000001                               -4.9999998736358291E-005
   1.6350000000000000                               -4.9999998736988097E-005
   1.6400000000000001                               -4.9999998737008548E-005
   1.6450000000000000                               -4.9999998736636423E-005
   1.6500000000000001                               -4.9999998736322899E-005
   1.6550000000000000                               -4.9999998737165778E-005
   1.6600000000000001                               -4.9999998737067786E-005
   1.6650000000000000                               -4.9999998736656155E-005
   1.6699999999999999                               -4.9999998736708427E-005
   1.6750000000000000                               -4.9999998737104805E-005
   1.6799999999999999                               -4.9999998737047457E-005
   1.6850000000000001                               -4.9999998736649386E-005
   1.6899999999999999                               -4.9999998736137744E-005
   1.6950000000000001                               -4.9999998737104053E-005
   1.7000000000000000                               -4.9999998737426162E-005
   1.7050000000000001                               -4.9999998736586143E-005
   1.7100000000000000                               -4.9999998736685097E-005
   1.7150000000000001                               -4.9999998736718070E-005
   1.7200000000000000                               -4.9999998736918546E-005
   1.7250000000000001                               -4.9999998736985373E-005
   1.7300000000000000                               -4.9999998736818162E-005
   1.7350000000000001                               -4.9999998736383472E-005
   1.7400000000000000                               -4.9999998737375449E-005
   1.7450000000000001                               -4.9999998737327154E-005
   1.7500000000000000                               -4.9999998736742614E-005
   1.7550000000000001                               -4.9999998736358291E-005
   1.7600000000000000                               -4.9999998736988097E-005
   1.7650000000000001                               -4.9999998737008548E-005
   1.7700000000000000                               -4.9999998736636423E-005
   1.7750000000000001                               -4.9999998736322899E-005
   1.7800000000000000                               -4.9999998737165778E-005
   1.7850000000000001                               -4.9999998737067786E-005
   1.7900000000000000                               -4.9999998736656155E-005
   1.7949999999999999                               -4.9999998736708427E-005
   1.8000000000000000                               -4.9999998737104805E-005
   1.8049999999999999                               -4.9999998737047457E-005
   1.8100000000000001                               -4.9999998736649386E-005
   1.8149999999999999                               -4.9999998736137744E-005
   1.8200000000000001                               -4.9999998737104053E-005
   1.8250000000000000                               -4.9999998737426162E-005
   1.8300000000000001                               -4.9999998736586143E-005
   1.8350000000000000                               -4.9999998736685097E-005
   1.8400000000000001                               -4.9999998736718070E-005
   1.8450000000000000                               -4.9999998736918546E-005
   1.8500000000000001                               -4.9999998736985373E-005
   1.8550000000000000                               -4.9999998736818162E-005
   1.8600000000000001                               -4.9999998736383472E-005
   1.8650000000000000                               -4.9999998737375449E-005
   1.8700000000000001                               -4.9999998737327154E-005
   1.8750000000000000                               -4.9999998736742614E-005
   1.8800000000000001                               -4.9999998736358291E-005
   1.8850000000000000                               -4.9999998736988097E-005
   1.8900000000000001                               -4.9999998737008548E-005
   1.8950000000000000                               -4.9999998736636423E-005
   1.9000000000000001                               -4.9999998736322899E-005
   1.9050000000000000                               -4.9999998737165778E-005
   1.9100000000000001                               -4.9999998737067786E-005
   1.9150000000000000                               -4.9999998736656155E-005
   1.9199999999999999                               -4.9999998736708427E-005
   1.9250000000000000                               -4.9999998737104805E-005
   1.9299999999999999                               -4.9999998737047457E-005
   1.9350000000000001                               -4.9999998736649386E-005
   1.9399999999999999                               -4.9999998736137744E-005
   1.9450000000000001                               -4.9999998737104053E-005
   1.9500000000000000                               -4.9999998737426162E-005
   1.9550000000000001                               -4.9999998736586143E-005
   1.9600000000000000                               -4.9999998736685097E-005
   1.9650000000000001                               -4.9999998736718070E-005
   1.9700000000000000                               -4.9999998736918546E-005
   1.9750000000000001                               -4.9999998736985373E-005
   1.9800000000000000                               -4.9999998736818162E-005
   1.9850000000000001                               -4.9999998736383472E-005
   1.9900000000000000                               -4.9999998737375449E-005
   1.9950000000000001                               -4.9999998737327154E-005
   2.0000000000000000                               -4.9999998736742614E-005
   2.0049999999999999                               -4.9999998736358291E-005
   2.0100000000000002                               -4.9999998736988097E-005
   2.0150000000000001                               -4.9999998737008548E-005
   2.0200000000000000                               -4.9999998736636423E-005
   2.0249999999999999                               -4.9999998736322899E-005
   2.0300000000000002                               -4.9999998737165778E-005
   2.0350000000000001                               -4.9999998737067786E-005
   2.0400000000000000                               -4.9999998736656155E-005
   2.0449999999999999                               -4.9999998736708427E-005
   2.0499999999999998                               -4.9999998737104805E-005
   2.0550000000000002                               -4.9999998737047457E-005
   2.0600000000000001                               -4.9999998736649386E-005
   2.0649999999999999                               -4.9999998736137744E-005
   2.0699999999999998                               -4.9999998737104053E-005
   2.0750000000000002                               -4.9999998737426162E-005
   2.0800000000000001                               -4.9999998736586143E-005
   2.0850000000000000                               -4.9999998736685097E-005
   2.0899999999999999                               -4.9999998736718070E-005
   2.0950000000000002                               -4.9999998736918546E-005
   2.1000000000000001                               -4.9999998736985373E-005
   2.1050000000000000                               -4.9999998736818162E-005
   2.1099999999999999                               -4.9999998736383472E-005
   2.1150000000000002                               -4.9999998737375449E-005
   2.1200000000000001                               -4.9999998737327154E-005
   2.1250000000000000                               -4.9999998736742614E-005
   2.1299999999999999                               -4.9999998736358291E-005
   2.1350000000000002                               -4.9999998736988097E-005
   2.1400000000000001                               -4.9999998737008548E-005
   2.1450000000000000                               -4.9999998736636423E-005
   2.1499999999999999                               -4.9999998736322899E-005
   2.1550000000000002                               -4.9999998737165778E-005
   2.1600000000000001                               -4.9999998737067786E-005
   2.1650000000000000                               -4.9999998736656155E-005
   2.1699999999999999                               -4.9999998736708427E-005
   2.1750000000000003                               -4.9999998737104805E-005
   2.1800000000000002                               -4.9999998737047457E-005
   2.1850000000000001                               -4.9999998736649386E-005
   2.1899999999999999                               -4.9999998736137744E-005
   2.1949999999999998                               -4.9999998737104053E-005
   2.2000000000000002                               -4.9999998737426162E-005
   2.2050000000000001                               -4.9999998736586143E-005
   2.2100000000000000                               -4.9999998736685097E-005
   2.2149999999999999                               -4.9999998736718070E-005
   2.2200000000000002                               -4.9999998736918546E-005
   2.2250000000000001                               -4.9999998736985373E-005
   2.2300000000000000                               -4.9999998736818162E-005
   2.2349999999999999                               -4.9999998736383472E-005
   2.2400000000000002                               -4.9999998737375449E-005
   2.2450000000000001                               -4.9999998737327154E-005
   2.2500000000000000                               -4.9999998736742614E-005
   2.2549999999999999                               -4.9999998736358291E-005
   2.2600000000000002                               -4.9999998736988097E-005
   2.2650000000000001                               -4.9999998737008548E-005
   2.2700000000000000                               -4.9999998736636423E-005
   2.2749999999999999                               -4.9999998736322899E-005
   2.2800000000000002                               -4.9999998737165778E-005
   2.2850000000000001                               -4.9999998737067786E-005
   2.2900000000000000                               -4.9999998736656155E-005
   2.2949999999999999                               -4.9999998736708427E-005
   2.3000000000000003                               -4.9999998737104805E-005
   2.3050000000000002                               -4.9999998737047457E-005
   2.3100000000000001                               -4.9999998736649386E-005
   2.3149999999999999                               -4.9999998736137744E-005
   2.3199999999999998                               -4.9999998737104053E-005
   2.3250000000000002                               -4.9999998737426162E-005
   2.3300000000000001                               -4.9999998736586143E-005
   2.3350000000000000                               -4.9999998736685097E-005
   2.3399999999999999                               -4.9999998736718070E-005
   2.3450000000000002                               -4.9999998736918546E-005
   2.3500000000000001                               -4.9999998736985373E-005
   2.3550000000000000                               -4.9999998736818162E-005
   2.3599999999999999                               -4.9999998736383472E-005
   2.3650000000000002                               -4.9999998737375449E-005
   2.3700000000000001                               -4.9999998737327154E-005
   2.3750000000000000                               -4.9999998736742614E-005
   2.3799999999999999                               -4.9999998736358291E-005
   2.3850000000000002                               -4.9999998736988097E-005
   2.3900000000000001                               -4.9999998737008548E-005
   2.3950000000000000                               -4.9999998736636423E-005
   2.3999999999999999                               -4.9999998736322899E-005
   2.4050000000000002                               -4.9999998737165778E-005
   2.4100000000000001                               -4.9999998737067786E-005
   2.4150000000000000                               -4.9999998736656155E-005
   2.4199999999999999                               -4.9999998736708427E-005
   2.4250000000000003                               -4.9999998737104805E-005
   2.4300000000000002                               -4.9999998737047457E-005
   2.4350000000000001                               -4.9999998736649386E-005
   2.4399999999999999                               -4.9999998736137744E-005
   2.4449999999999998                               -4.9999998737104053E-005
   2.4500000000000002                               -4.9999998737426162E-005
   2.4550000000000001                               -4.9999998736586143E-005
   2.4600000000000000                               -4.9999998736685097E-005
   2.4649999999999999                               -4.9999998736718070E-005
   2.4700000000000002                               -4.9999998736918546E-005
   2.4750000000000001                               -4.9999998736985373E-005
   2.4800000000000000                               -4.9999998736818162E-005
   2.4849999999999999                               -4.9999998736383472E-005
   2.4900000000000002                               -4.9999998737375449E-005
   2.4950000000000001                               -4.9999998737327154E-005
   2.5000000000000000                               -4.9999998736742614E-005
   2.5049999999999999                               -4.9999998736358291E-005
   2.5100000000000002                               -4.9999998736988097E-005
   2.5150000000000001                               -4.9999998737008548E-005
   2.5200000000000000                               -4.9999998736636423E-005
   2.5249999999999999                               -4.9999998736322899E-005
   2.5300000000000002                               -4.9999998737165778E-005
   2.5350000000000001                               -4.9999998737067786E-005
   2.5400000000000000                               -4.9999998736656155E-005
   2.5449999999999999                               -4.9999998736708427E-005
   2.5500000000000003                               -4.9999998737104805E-005
   2.5550000000000002                               -4.9999998737047457E-005
   2.5600000000000001                               -4.9999998736649386E-005
   2.5649999999999999                               -4.9999998736137744E-005
   2.5699999999999998                               -4.9999998737104053E-005
   2.5750000000000002                               -4.9999998737426162E-005
   2.5800000000000001                               -4.9999998736586143E-005
   2.5850000000000000                               -4.9999998736685097E-005
   2.5899999999999999                               -4.9999998736718070E-005
   2.5950000000000002                               -4.9999998736918546E-005
   2.6000000000000001                               -4.9999998736985373E-005
   2.6050000000000000                               -4.9999998736818162E-005
   2.6099999999999999                               -4.9999998736383472E-005
   2.6150000000000002                               -4.9999998737375449E-005
   2.6200000000000001                               -4.9999998737327154E-005
   2.6250000000000000                               -4.9999998736742614E-005
   2.6299999999999999                               -4.9999998736358291E-005
   2.6350000000000002                               -4.9999998736988097E-005
   2.6400000000000001                               -4.9999998737008548E-005
   2.6450000000000000                               -4.9999998736636423E-005
   2.6499999999999999                               -4.9999998736322899E-005
   2.6550000000000002                               -4.9999998737165778E-005
   2.6600000000000001                               -4.9999998737067786E-005
   2.6650000000000000                               -4.9999998736656155E-005
   2.6699999999999999                               -4.9999998736708427E-005
   2.6750000000000003                               -4.9999998737104805E-005
   2.6800000000000002                               -4.9999998737047457E-005
   2.6850000000000001                               -4.9999998736649386E-005
   2.6899999999999999                               -4.9999998736137744E-005
   2.6949999999999998                               -4.9999998737104053E-005
   2.7000000000000002                               -4.9999998737426162E-005
   2.7050000000000001                               -4.9999998736586143E-005
   2.7100000000000000                               -4.9999998736685097E-005
   2.7149999999999999                               -4.9999998736718070E-005
   2.7200000000000002                               -4.9999998736918546E-005
   2.7250000000000001                               -4.9999998736985373E-005
   2.7300000000000000                               -4.9999998736818162E-005
   2.7349999999999999                               -4.9999998736383472E-005
   2.7400000000000002                               -4.9999998737375449E-005
   2.7450000000000001                               -4.9999998737327154E-005
   2.7500000000000000                               -4.9999998736742614E-005
   2.7549999999999999                               -4.9999998736358291E-005
   2.7600000000000002                               -4.9999998736988097E-005
   2.7650000000000001                               -4.9999998737008548E-005
   2.7700000000000000                               -4.9999998736636423E-005
   2.7749999999999999                               -4.9999998736322899E-005
   2.7800000000000002                               -4.9999998737165778E-005
   2.7850000000000001                               -4.9999998737067786E-005
   2.7900000000000000                               -4.9999998736656155E-005
   2.7949999999999999                               -4.9999998736708427E-005
   2.8000000000000003                               -4.9999998737104805E-005
   2.8050000000000002                               -4.9999998737047457E-005
   2.8100000000000001                               -4.9999998736649386E-005
   2.8149999999999999                               -4.9999998736137744E-005
   2.8199999999999998                               -4.9999998737104053E-005
   2.8250000000000002                               -4.9999998737426162E-005
   2.8300000000000001                               -4.9999998736586143E-005
   2.8350000000000000                               -4.9999998736685097E-005
   2.8399999999999999                               -4.9999998736718070E-005
   2.8450000000000002                               -4.9999998736918546E-005
   2.8500000000000001                               -4.9999998736985373E-005
   2.8550000000000000                               -4.9999998736818162E-005
   2.8599999999999999                               -4.9999998736383472E-005
   2.8650000000000002                               -4.9999998737375449E-005
   2.8700000000000001                               -4.9999998737327154E-005
   2.8750000000000000                               -4.9999998736742614E-005
   2.8799999999999999                               -4.9999998736358291E-005
   2.8850000000000002                               -4.9999998736988097E-005
   2.8900000000000001                               -4.9999998737008548E-005
   2.8950000000000000                               -4.9999998736636423E-005
   2.8999999999999999                               -4.9999998736322899E-005
   2.9050000000000002                               -4.9999998737165778E-005
   2.9100000000000001                               -4.9999998737067786E-005
   2.9150000000000000                               -4.9999998736656155E-005
   2.9199999999999999                               -4.9999998736708427E-005
   2.9250000000000003                               -4.9999998737104805E-005
   2.9300000000000002                               -4.9999998737047457E-005
   2.9350000000000001                               -4.9999998736649386E-005
   2.9399999999999999                               -4.9999998736137744E-005
   2.9449999999999998                               -4.9999998737104053E-005
   2.9500000000000002                               -4.9999998737426162E-005
   2.9550000000000001                               -4.9999998736586143E-005
   2.9600000000000000                               -4.9999998736685097E-005
   2.9649999999999999                               -4.9999998736718070E-005
   2.9700000000000002                               -4.9999998736918546E-005
   2.9750000000000001                               -4.9999998736985373E-005
   2.9800000000000000                               -4.9999998736818162E-005
   2.9849999999999999                               -4.9999998736383472E-005
   2.9900000000000002                               -4.9999998737375449E-005
   2.9950000000000001                               -4.9999998737327154E-005
   3.0000000000000000                               -4.9999998736742614E-005
   3.0049999999999999                               -4.9999998736358291E-005
   3.0100000000000002                               -4.9999998736988097E-005
   3.0150000000000001                               -4.9999998737008548E-005
   3.0200000000000000                               -4.9999998736636423E-005
   3.0249999999999999                               -4.9999998736322899E-005
   3.0300000000000002                               -4.9999998737165778E-005
   3.0350000000000001                               -4.9999998737067786E-005
   3.0400000000000000                               -4.9999998736656155E-005
   3.0449999999999999                               -4.9999998736708427E-005
   3.0500000000000003                               -4.9999998737104805E-005
   3.0550000000000002                               -4.9999998737047457E-005
   3.0600000000000001                               -4.9999998736649386E-005
   3.0649999999999999                               -4.9999998736137744E-005
   3.0700000000000003                               -4.9999998737104053E-005
   3.0750000000000002                               -4.9999998737426162E-005
   3.0800000000000001                               -4.9999998736586143E-005
   3.0850000000000000                               -4.9999998736685097E-005
   3.0899999999999999                               -4.9999998736718070E-005
   3.0950000000000002                               -4.9999998736918546E-005
   3.1000000000000001                               -4.9999998736985373E-005
   3.1050000000000000                               -4.9999998736818162E-005
   3.1099999999999999                               -4.9999998736383472E-005
   3.1150000000000002                               -4.9999998737375449E-005
   3.1200000000000001                               -4.9999998737327154E-005
   3.1250000000000000                               -4.9999998736742614E-005
   3.1299999999999999                               -4.9999998736358291E-005
   3.1350000000000002                               -4.9999998736988097E-005
   3.1400000000000001                               -4.9999998737008548E-005
   3.1450000000000000                               -4.9999998736636423E-005
   3.1499999999999999                               -4.9999998736322899E-005
   3.1550000000000002                               -4.9999998737165778E-005
   3.1600000000000001                               -4.9999998737067786E-005
   3.1650000000000000                               -4.9999998736656155E-005
   3.1699999999999999                               -4.9999998736708427E-005
   3.1750000000000003                               -4.9999998737104805E-005
   3.1800000000000002                               -4.9999998737047457E-005
   3.1850000000000001                               -4.9999998736649386E-005
   3.1899999999999999                               -4.9999998736137744E-005
   3.1950000000000003                               -4.9999998737104053E-005
   3.2000000000000002                               -4.9999998737426162E-005
   3.2050000000000001                               -4.9999998736586143E-005
   3.2100000000000000                               -4.9999998736685097E-005
   3.2149999999999999                               -4.9999998736718070E-005
   3.2200000000000002                               -4.9999998736918546E-005
   3.2250000000000001                               -4.9999998736985373E-005
   3.2300000000000000                               -4.9999998736818162E-005
   3.2349999999999999                               -4.9999998736383472E-005
   3.2400000000000002                               -4.9999998737375449E-005
   3.2450000000000001                               -4.9999998737327154E-005
   3.2500000000000000                               -4.9999998736742614E-005
   3.2549999999999999                               -4.9999998736358291E-005
   3.2600000000000002                               -4.9999998736988097E-005
   3.2650000000000001                               -4.9999998737008548E-005
   3.2700000000000000                               -4.9999998736636423E-005
   3.2749999999999999                               -4.9999998736322899E-005
   3.2800000000000002                               -4.9999998737165778E-005
   3.2850000000000001                               -4.9999998737067786E-005
   3.2900000000000000                               -4.9999998736656155E-005
   3.2949999999999999                               -4.9999998736708427E-005
   3.3000000000000003                               -4.9999998737104805E-005
   3.3050000000000002                               -4.9999998737047457E-005
   3.3100000000000001                               -4.9999998736649386E-005
   3.3149999999999999                               -4.9999998736137744E-005
   3.3200000000000003                               -4.9999998737104053E-005
   3.3250000000000002                               -4.9999998737426162E-005
   3.3300000000000001                               -4.9999998736586143E-005
   3.3350000000000000                               -4.9999998736685097E-005
   3.3399999999999999                               -4.9999998736718070E-005
   3.3450000000000002                               -4.9999998736918546E-005
   3.3500000000000001                               -4.9999998736985373E-005
   3.3550000000000000                               -4.9999998736818162E-005
   3.3599999999999999                               -4.9999998736383472E-005
   3.3650000000000002                               -4.9999998737375449E-005
   3.3700000000000001                               -4.9999998737327154E-005
   3.3750000000000000                               -4.9999998736742614E-005
   3.3799999999999999                               -4.9999998736358291E-005
   3.3850000000000002                               -4.9999998736988097E-005
   3.3900000000000001                               -4.9999998737008548E-005
   3.3950000000000000                               -4.9999998736636423E-005
   3.3999999999999999                               -4.9999998736322899E-005
   3.4050000000000002                               -4.9999998737165778E-005
   3.4100000000000001                               -4.9999998737067786E-005
   3.4150000000000000                               -4.9999998736656155E-005
   3.4199999999999999                               -4.9999998736708427E-005
   3.4250000000000003                               -4.9999998737104805E-005
   3.4300000000000002                               -4.9999998737047457E-005
   3.4350000000000001                               -4.9999998736649386E-005
   3.4399999999999999                               -4.9999998736137744E-005
   3.4450000000000003                               -4.9999998737104053E-005
   3.4500000000000002                               -4.9999998737426162E-005
   3.4550000000000001                               -4.9999998736586143E-005
   3.4600000000000000                               -4.9999998736685097E-005
   3.4649999999999999                               -4.9999998736718070E-005
   3.4700000000000002                               -4.9999998736918546E-005
   3.4750000000000001                               -4.9999998736985373E-005
   3.4800000000000000                               -4.9999998736818162E-005
   3.4849999999999999                               -4.9999998736383472E-005
   3.4900000000000002                               -4.9999998737375449E-005
   3.4950000000000001                               -4.9999998737327154E-005
   3.5000000000000000                               -4.9999998736742614E-005
   3.5049999999999999                               -4.9999998736358291E-005
   3.5100000000000002                               -4.9999998736988097E-005
   3.5150000000000001                               -4.9999998737008548E-005
   3.5200000000000000                               -4.9999998736636423E-005
   3.5249999999999999                               -4.9999998736322899E-005
   3.5300000000000002                               -4.9999998737165778E-005
   3.5350000000000001                               -4.9999998737067786E-005
   3.5400000000000000                               -4.9999998736656155E-005
   3.5449999999999999                               -4.9999998736708427E-005
   3.5500000000000003                               -4.9999998737104805E-005
   3.5550000000000002                               -4.9999998737047457E-005
   3.5600000000000001                               -4.9999998736649386E-005
   3.5649999999999999                               -4.9999998736137744E-005
   3.5700000000000003                               -4.9999998737104053E-005
   3.5750000000000002                               -4.9999998737426162E-005
   3.5800000000000001                               -4.9999998736586143E-005
   3.5850000000000000                               -4.9999998736685097E-005
   3.5899999999999999                               -4.9999998736718070E-005
   3.5950000000000002                               -4.9999998736918546E-005
   3.6000000000000001                               -4.9999998736985373E-005
   3.6050000000000000                               -4.9999998736818162E-005
   3.6099999999999999                               -4.9999998736383472E-005
   3.6150000000000002                               -4.9999998737375449E-005
   3.6200000000000001                               -4.9999998737327154E-005
   3.6250000000000000                               -4.9999998736742614E-005
   3.6299999999999999                               -4.9999998736358291E-005
   3.6350000000000002                               -4.9999998736988097E-005
   3.6400000000000001                               -4.9999998737008548E-005
   3.6450000000000000                               -4.9999998736636423E-005
   3.6499999999999999                               -4.9999998736322899E-005
   3.6550000000000002                               -4.9999998737165778E-005
   3.6600000000000001                               -4.9999998737067786E-005
   3.6650000000000000                               -4.9999998736656155E-005
   3.6699999999999999                               -4.9999998736708427E-005
   3.6750000000000003                               -4.9999998737104805E-005
   3.6800000000000002                               -4.9999998737047457E-005
   3.6850000000000001                               -4.9999998736649386E-005
   3.6899999999999999                               -4.9999998736137744E-005
   3.6950000000000003                               -4.9999998737104053E-005
   3.7000000000000002                               -4.9999998737426162E-005
   3.7050000000000001                               -4.9999998736586143E-005
   3.7100000000000000                               -4.9999998736685097E-005
   3.7149999999999999                               -4.9999998736718070E-005
   3.7200000000000002                               -4.9999998736918546E-005
   3.7250000000000001                               -4.9999998736985373E-005
   3.7300000000000000                               -4.9999998736818162E-005
   3.7349999999999999                               -4.9999998736383472E-005
   3.7400000000000002                               -4.9999998737375449E-005
   3.7450000000000001                               -4.9999998737327154E-005
   3.7500000000000000                               -4.9999998736742614E-005
   3.7549999999999999                               -4.9999998736358291E-005
   3.7600000000000002                               -4.9999998736988097E-005
   3.7650000000000001                               -4.9999998737008548E-005
   3.7700000000000000                               -4.9999998736636423E-005
   3.7749999999999999                               -4.9999998736322899E-005
   3.7800000000000002                               -4.9999998737165778E-005
   3.7850000000000001                               -4.9999998737067786E-005
   3.7900000000000000                               -4.9999998736656155E-005
   3.7949999999999999                               -4.9999998736708427E-005
   3.8000000000000003                               -4.9999998737104805E-005
   3.8050000000000002                               -4.9999998737047457E-005
   3.8100000000000001                               -4.9999998736649386E-005
   3.8149999999999999                               -4.9999998736137744E-005
   3.8200000000000003                               -4.9999998737104053E-005
   3.8250000000000002                               -4.9999998737426162E-005
   3.8300000000000001                               -4.9999998736586143E-005
   3.8350000000000000                               -4.9999998736685097E-005
   3.8399999999999999                               -4.9999998736718070E-005
   3.8450000000000002                               -4.9999998736918546E-005
   3.8500000000000001                               -4.9999998736985373E-005
   3.8550000000000000                               -4.9999998736818162E-005
   3.8599999999999999                               -4.9999998736383472E-005
   3.8650000000000002                               -4.9999998737375449E-005
   3.8700000000000001                               -4.9999998737327154E-005
   3.8750000000000000                               -4.9999998736742614E-005
   3.8799999999999999                               -4.9999998736358291E-005
   3.8850000000000002                               -4.9999998736988097E-005
   3.8900000000000001                               -4.9999998737008548E-005
   3.8950000000000000                               -4.9999998736636423E-005
   3.8999999999999999                               -4.9999998736322899E-005
   3.9050000000000002                               -4.9999998737165778E-005
   3.9100000000000001                               -4.9999998737067786E-005
   3.9150000000000000                               -4.9999998736656155E-005
   3.9199999999999999                               -4.9999998736708427E-005
   3.9250000000000003                               -4.9999998737104805E-005
   3.9300000000000002                               -4.9999998737047457E-005
   3.9350000000000001                               -4.9999998736649386E-005
   3.9399999999999999                               -4.9999998736137744E-005
   3.9450000000000003                               -4.9999998737104053E-005
   3.9500000000000002                               -4.9999998737426162E-005
   3.9550000000000001                               -4.9999998736586143E-005
   3.9600000000000000                               -4.9999998736685097E-005
   3.9650000000000003                               -4.9999998736718070E-005
   3.9700000000000002                               -4.9999998736918546E-005
   3.9750000000000001                               -4.9999998736985373E-005
   3.9800000000000000                               -4.9999998736818162E-005
   3.9849999999999999                               -4.9999998736383472E-005
   3.9900000000000002                               -4.9999998737375449E-005
   3.9950000000000001                               -4.9999998737327154E-005
   4.0000000000000000                               -4.9999998736742614E-005
   4.0049999999999999                               -4.9999998736358291E-005
   4.0099999999999998                               -4.9999998736988097E-005
   4.0149999999999997                               -4.9999998737008548E-005
   4.0200000000000005                               -4.9999998736636423E-005
   4.0250000000000004                               -4.9999998736322899E-005
   4.0300000000000002                               -4.9999998737165778E-005
   4.0350000000000001                               -4.9999998737067786E-005
   4.0400000000000000                               -4.9999998736656155E-005
   4.0449999999999999                               -4.9999998736708427E-005
   4.0499999999999998                               -4.9999998737104805E-005
   4.0549999999999997                               -4.9999998737047457E-005
   4.0600000000000005                               -4.9999998736649386E-005
   4.0650000000000004                               -4.9999998736137744E-005
   4.0700000000000003                               -4.9999998737104053E-005
   4.0750000000000002                               -4.9999998737426162E-005
   4.0800000000000001                               -4.9999998736586143E-005
   4.0850000000000000                               -4.9999998736685097E-005
   4.0899999999999999                               -4.9999998736718070E-005
   4.0949999999999998                               -4.9999998736918546E-005
   4.0999999999999996                               -4.9999998736985373E-005
   4.1050000000000004                               -4.9999998736818162E-005
   4.1100000000000003                               -4.9999998736383472E-005
   4.1150000000000002                               -4.9999998737375449E-005
   4.1200000000000001                               -4.9999998737327154E-005
   4.1250000000000000                               -4.9999998736742614E-005
   4.1299999999999999                               -4.9999998736358291E-005
   4.1349999999999998                               -4.9999998736988097E-005
   4.1399999999999997                               -4.9999998737008548E-005
   4.1450000000000005                               -4.9999998736636423E-005
   4.1500000000000004                               -4.9999998736322899E-005
   4.1550000000000002                               -4.9999998737165778E-005
   4.1600000000000001                               -4.9999998737067786E-005
   4.1650000000000000                               -4.9999998736656155E-005
   4.1699999999999999                               -4.9999998736708427E-005
   4.1749999999999998                               -4.9999998737104805E-005
   4.1799999999999997                               -4.9999998737047457E-005
   4.1850000000000005                               -4.9999998736649386E-005
   4.1900000000000004                               -4.9999998736137744E-005
   4.1950000000000003                               -4.9999998737104053E-005
   4.2000000000000002                               -4.9999998737426162E-005
   4.2050000000000001                               -4.9999998736586143E-005
   4.2100000000000000                               -4.9999998736685097E-005
   4.2149999999999999                               -4.9999998736718070E-005
   4.2199999999999998                               -4.9999998736918546E-005
   4.2249999999999996                               -4.9999998736985373E-005
   4.2300000000000004                               -4.9999998736818162E-005
   4.2350000000000003                               -4.9999998736383472E-005
   4.2400000000000002                               -4.9999998737375449E-005
   4.2450000000000001                               -4.9999998737327154E-005
   4.2500000000000000                               -4.9999998736742614E-005
   4.2549999999999999                               -4.9999998736358291E-005
   4.2599999999999998                               -4.9999998736988097E-005
   4.2649999999999997                               -4.9999998737008548E-005
   4.2700000000000005                               -4.9999998736636423E-005
   4.2750000000000004                               -4.9999998736322899E-005
   4.2800000000000002                               -4.9999998737165778E-005
   4.2850000000000001                               -4.9999998737067786E-005
   4.2900000000000000                               -4.9999998736656155E-005
   4.2949999999999999                               -4.9999998736708427E-005
   4.2999999999999998                               -4.9999998737104805E-005
   4.3049999999999997                               -4.9999998737047457E-005
   4.3100000000000005                               -4.9999998736649386E-005
   4.3150000000000004                               -4.9999998736137744E-005
   4.3200000000000003                               -4.9999998737104053E-005
   4.3250000000000002                               -4.9999998737426162E-005
   4.3300000000000001                               -4.9999998736586143E-005
   4.3350000000000000                               -4.9999998736685097E-005
   4.3399999999999999                               -4.9999998736718070E-005
   4.3449999999999998                               -4.9999998736918546E-005
   4.3500000000000005                               -4.9999998736985373E-005
   4.3550000000000004                               -4.9999998736818162E-005
   4.3600000000000003                               -4.9999998736383472E-005
   4.3650000000000002                               -4.9999998737375449E-005
   4.3700000000000001                               -4.9999998737327154E-005
   4.3750000000000000                               -4.9999998736742614E-005
   4.3799999999999999                               -4.9999998736358291E-005
   4.3849999999999998                               -4.9999998736988097E-005
   4.3899999999999997                               -4.9999998737008548E-005
   4.3950000000000005                               -4.9999998736636423E-005
   4.4000000000000004                               -4.9999998736322899E-005
   4.4050000000000002                               -4.9999998737165778E-005
   4.4100000000000001                               -4.9999998737067786E-005
   4.4150000000000000                               -4.9999998736656155E-005
   4.4199999999999999                               -4.9999998736708427E-005
   4.4249999999999998                               -4.9999998737104805E-005
   4.4299999999999997                               -4.9999998737047457E-005
   4.4350000000000005                               -4.9999998736649386E-005
   4.4400000000000004                               -4.9999998736137744E-005
   4.4450000000000003                               -4.9999998737104053E-005
   4.4500000000000002                               -4.9999998737426162E-005
   4.4550000000000001                               -4.9999998736586143E-005
   4.4600000000000000                               -4.9999998736685097E-005
   4.4649999999999999                               -4.9999998736718070E-005
   4.4699999999999998                               -4.9999998736918546E-005
   4.4750000000000005                               -4.9999998736985373E-005
   4.4800000000000004                               -4.9999998736818162E-005
   4.4850000000000003                               -4.9999998736383472E-005
   4.4900000000000002                               -4.9999998737375449E-005
   4.4950000000000001                               -4.9999998737327154E-005
   4.5000000000000000                               -4.9999998736742614E-005
   4.5049999999999999                               -4.9999998736358291E-005
   4.5099999999999998                               -4.9999998736988097E-005
   4.5149999999999997                               -4.9999998737008548E-005
   4.5200000000000005                               -4.9999998736636423E-005
   4.5250000000000004                               -4.9999998736322899E-005
   4.5300000000000002                               -4.9999998737165778E-005
   4.5350000000000001                               -4.9999998737067786E-005
   4.5400000000000000                               -4.9999998736656155E-005
   4.5449999999999999                               -4.9999998736708427E-005
   4.5499999999999998                               -4.9999998737104805E-005
   4.5549999999999997                               -4.9999998737047457E-005
   4.5600000000000005                               -4.9999998736649386E-005
   4.5650000000000004                               -4.9999998736137744E-005
   4.5700000000000003                               -4.9999998737104053E-005
   4.5750000000000002                               -4.9999998737426162E-005
   4.5800000000000001                               -4.9999998736586143E-005
   4.5850000000000000                               -4.9999998736685097E-005
   4.5899999999999999                               -4.9999998736718070E-005
   4.5949999999999998                               -4.9999998736918546E-005
   4.6000000000000005                               -4.9999998736985373E-005
   4.6050000000000004                               -4.9999998736818162E-005
   4.6100000000000003                               -4.9999998736383472E-005
   4.6150000000000002                               -4.9999998737375449E-005
   4.6200000000000001                               -4.9999998737327154E-005
   4.6250000000000000                               -4.9999998736742614E-005
   4.6299999999999999                               -4.9999998736358291E-005
   4.6349999999999998                               -4.9999998736988097E-005
   4.6399999999999997                               -4.9999998737008548E-005
   4.6450000000000005                               -4.9999998736636423E-005
   4.6500000000000004                               -4.9999998736322899E-005
   4.6550000000000002                               -4.9999998737165778E-005
   4.6600000000000001                               -4.9999998737067786E-005
   4.6650000000000000                               -4.9999998736656155E-005
   4.6699999999999999                               -4.9999998736708427E-005
   4.6749999999999998                               -4.9999998737104805E-005
   4.6799999999999997                               -4.9999998737047457E-005
   4.6850000000000005                               -4.9999998736649386E-005
   4.6900000000000004                               -4.9999998736137744E-005
   4.6950000000000003                               -4.9999998737104053E-005
   4.7000000000000002                               -4.9999998737426162E-005
   4.7050000000000001                               -4.9999998736586143E-005
   4.7100000000000000                               -4.9999998736685097E-005
   4.7149999999999999                               -4.9999998736718070E-005
   4.7199999999999998                               -4.9999998736918546E-005
   4.7250000000000005                               -4.9999998736985373E-005
   4.7300000000000004                               -4.9999998736818162E-005
   4.7350000000000003                               -4.9999998736383472E-005
   4.7400000000000002                               -4.9999998737375449E-005
   4.7450000000000001                               -4.9999998737327154E-005
   4.7500000000000000                               -4.9999998736742614E-005
   4.7549999999999999                               -4.9999998736358291E-005
   4.7599999999999998                               -4.9999998736988097E-005
   4.7649999999999997                               -4.9999998737008548E-005
   4.7700000000000005                               -4.9999998736636423E-005
   4.7750000000000004                               -4.9999998736322899E-005
   4.7800000000000002                               -4.9999998737165778E-005
   4.7850000000000001                               -4.9999998737067786E-005
   4.7900000000000000                               -4.9999998736656155E-005
   4.7949999999999999                               -4.9999998736708427E-005
   4.7999999999999998                               -4.9999998737104805E-005
   4.8049999999999997                               -4.9999998737047457E-005
   4.8100000000000005                               -4.9999998736649386E-005
   4.8150000000000004                               -4.9999998736137744E-005
   4.8200000000000003                               -4.9999998737104053E-005
   4.8250000000000002                               -4.9999998737426162E-005
   4.8300000000000001                               -4.9999998736586143E-005
   4.8350000000000000                               -4.9999998736685097E-005
   4.8399999999999999                               -4.9999998736718070E-005
   4.8449999999999998                               -4.9999998736918546E-005
   4.8500000000000005                               -4.9999998736985373E-005
   4.8550000000000004                               -4.9999998736818162E-005
   4.8600000000000003                               -4.9999998736383472E-005
   4.8650000000000002                               -4.9999998737375449E-005
   4.8700000000000001                               -4.9999998737327154E-005
   4.8750000000000000                               -4.9999998736742614E-005
   4.8799999999999999                               -4.9999998736358291E-005
   4.8849999999999998                               -4.9999998736988097E-005
   4.8899999999999997                               -4.9999998737008548E-005
   4.8950000000000005                               -4.9999998736636423E-005
   4.9000000000000004                               -4.9999998736322899E-005
   4.9050000000000002                               -4.9999998737165778E-005
   4.9100000000000001                               -4.9999998737067786E-005
   4.9150000000000000                               -4.9999998736656155E-005
   4.9199999999999999                               -4.9999998736708427E-005
   4.9249999999999998                               -4.9999998737104805E-005
   4.9299999999999997                               -4.9999998737047457E-005
   4.9350000000000005                               -4.9999998736649386E-005
   4.9400000000000004                               -4.9999998736137744E-005
   4.9450000000000003                               -4.9999998737104053E-005
   4.9500000000000002                               -4.9999998737426162E-005
   4.9550000000000001                               -4.9999998736586143E-005
   4.9600000000000000                               -4.9999998736685097E-005
   4.9649999999999999                               -4.9999998736718070E-005
   4.9699999999999998                               -4.9999998736918546E-005
   4.9750000000000005                               -4.9999998736985373E-005
   4.9800000000000004                               -4.9999998736818162E-005
   4.9850000000000003                               -4.9999998736383472E-005
   4.9900000000000002                               -4.9999998737375449E-005
   4.9950000000000001                               -4.9999998737327154E-005
   5.0000000000000000                               -4.9999998736742614E-005
