   0.0000000000000000                                1.0000000000000000     
   2.0000000000000000E-002                          0.99900709861333337     
   4.0000000000000001E-002                          0.99606018871612600     
   5.9999999999999998E-002                          0.99121446588729256     
   8.0000000000000002E-002                          0.98453479795843812     
  0.10000000000000001                               0.97609524674470838     
  0.12000000000000000                               0.96597851513527233     
  0.14000000000000001                               0.95427532546384397     
  0.16000000000000000                               0.94108373583490812     
  0.17999999999999999                               0.92650840174356264     
  0.20000000000000001                               0.91065979088712501     
  0.22000000000000000                               0.89365335951761959     
  0.23999999999999999                               0.87560869902055738     
  0.26000000000000001                               0.85664866162356823     
  0.28000000000000003                               0.83689847423693453     
  0.29999999999999999                               0.81648484940736021     
  0.32000000000000001                               0.79553510222877066     
  0.34000000000000002                               0.77417628180380782     
  0.35999999999999999                               0.75253432549292776     
  0.38000000000000000                               0.73073324373219584     
  0.40000000000000002                               0.70889434265499685     
  0.41999999999999998                               0.68713549112717220     
  0.44000000000000000                               0.66557043811080585     
  0.46000000000000002                               0.64430818552105917     
  0.47999999999999998                               0.62345242094571118     
  0.50000000000000000                               0.60310101377131420     
  0.52000000000000002                               0.58334557741614956     
  0.54000000000000004                               0.56427109952131116     
  0.56000000000000005                               0.54595564110975103     
  0.57999999999999996                               0.52847010490090307     
  0.59999999999999998                               0.51187807217669390     
  0.62000000000000000                               0.49623570684357360     
  0.64000000000000001                               0.48159172463378486     
  0.66000000000000003                               0.46798742474539029     
  0.68000000000000005                               0.45545678064126099     
  0.70000000000000007                               0.44402658621763591     
  0.71999999999999997                               0.43371665311695723     
  0.73999999999999999                               0.42454005460007399     
  0.76000000000000001                               0.41650341111083289     
  0.78000000000000003                               0.40960721246149945     
  0.80000000000000004                               0.40384617143908913     
  0.82000000000000006                               0.39920960357812324     
  0.83999999999999997                               0.39568182786109946     
  0.85999999999999999                               0.39324258318971339     
  0.88000000000000000                               0.39186745561242936     
  0.90000000000000002                               0.39152831149156936     
  0.92000000000000004                               0.39219373203936048     
  0.94000000000000006                               0.39382944494067129     
  0.95999999999999996                               0.39639874910357759     
  0.97999999999999998                               0.39986292893042885     
   1.0000000000000000                               0.40418165487478380     
   1.0200000000000000                               0.40931336743663882     
   1.0400000000000000                               0.41521564214324630     
   1.0600000000000001                               0.42184553345931991     
   1.0800000000000001                               0.42915989596280046     
   1.1000000000000001                               0.43711568150535818     
   1.1200000000000001                               0.44567021144573682     
   1.1400000000000001                               0.45478142339480349     
   1.1599999999999999                               0.46440809224025997     
   1.1799999999999999                               0.47451002552353883     
   1.2000000000000000                               0.48504823351920651     
   1.2200000000000000                               0.49598507461659819     
   1.2400000000000000                               0.50728437682336391     
   1.2600000000000000                               0.51891153640062448     
   1.2800000000000000                               0.53083359479952785     
   1.3000000000000000                               0.54301929519965420     
   1.3200000000000001                               0.55543912005182616     
   1.3400000000000001                               0.56806531110270764     
   1.3600000000000001                               0.58087187342767566     
   1.3800000000000001                               0.59383456502364029     
   1.4000000000000001                               0.60693087351677222     
   1.4199999999999999                               0.62013998152362204     
   1.4399999999999999                               0.63344272217012210     
   1.4600000000000000                               0.64682152622371980     
   1.4800000000000000                               0.66026036223169327     
   1.5000000000000000                               0.67374467098577628     
   1.5200000000000000                               0.68726129555174287     
   1.5400000000000000                               0.70079840801463655     
   1.5600000000000001                               0.71434543399781658     
   1.5800000000000001                               0.72789297591872615     
   1.6000000000000001                               0.74143273584790648     
   1.6200000000000001                               0.75495743874174692     
   1.6400000000000001                               0.76846075672507552     
   1.6600000000000001                               0.78193723500806644     
   1.6799999999999999                               0.79538221993402092     
   1.7000000000000000                               0.80879178957113340     
   1.7200000000000000                               0.82216268718300378     
   1.7400000000000000                               0.83549225783985026     
   1.7600000000000000                               0.84877838836544195     
   1.7800000000000000                               0.86201945075388497     
   1.8000000000000000                               0.87521424913563728     
   1.8200000000000001                               0.88836197032346553     
   1.8400000000000001                               0.90146213792636398     
   1.8600000000000001                               0.91451456998254488     
   1.8800000000000001                               0.92751934003121728     
   1.9000000000000001                               0.94047674151669025     
   1.9199999999999999                               0.95338725539702240     
   1.9399999999999999                               0.96625152081261967     
   1.9600000000000000                               0.97907030865746592     
   1.9800000000000000                               0.99184449788666051     
   2.0000000000000000                                1.0045750543882319     
