   0.0000000000000000                                0.0000000000000000     
   2.0000000000000000E-002                          -9.8913935889066676E-002
   4.0000000000000001E-002                         -0.19531688439436545     
   5.9999999999999998E-002                         -0.28871458572760311     
   8.0000000000000002E-002                         -0.37863473917238094     
  0.10000000000000001                              -0.46463086946877780     
  0.12000000000000000                              -0.54628591748039323     
  0.14000000000000001                              -0.62321551522574037     
  0.16000000000000000                              -0.69507090975441033     
  0.17999999999999999                              -0.76154150523797248     
  0.20000000000000001                              -0.82235699794256423     
  0.22000000000000000                              -0.87728908436445008     
  0.23999999999999999                              -0.92615272864664810     
  0.26000000000000001                              -0.96880698135634791     
  0.28000000000000003                               -1.0051553476906845     
  0.29999999999999999                               -1.0351457090949179     
  0.32000000000000001                               -1.0587698080275163     
  0.34000000000000002                               -1.0760623111010457     
  0.35999999999999999                               -1.0870994709824653     
  0.38000000000000000                               -1.0919974121755491     
  0.40000000000000002                               -1.0909100700649574     
  0.41999999999999998                               -1.0840268163194053     
  0.44000000000000000                               -1.0715698068848660     
  0.46000000000000002                               -1.0537910913138555     
  0.47999999999999998                               -1.0309695240515551     
  0.50000000000000000                               -1.0034075195237966     
  0.52000000000000002                              -0.97142769344754332     
  0.54000000000000004                              -0.93536943272460349     
  0.56000000000000005                              -0.89558543560780723     
  0.57999999999999996                              -0.85243826257955568     
  0.59999999999999998                              -0.80629693659816526     
  0.62000000000000000                              -0.75753362909815969     
  0.64000000000000001                              -0.70652046543339553     
  0.66000000000000003                              -0.65362648038852611     
  0.68000000000000005                              -0.59921475102034660     
  0.70000000000000007                              -0.54363973049382008     
  0.71999999999999997                              -0.48724480281669585     
  0.73999999999999999                              -0.43036007451975899     
  0.76000000000000001                              -0.37330041544325976     
  0.78000000000000003                              -0.31636375693740931     
  0.80000000000000004                              -0.25982965202543262     
  0.82000000000000006                              -0.20395809846608084     
  0.83999999999999997                              -0.14898862223759474     
  0.85999999999999999                               -9.5139615789481990E-002
  0.88000000000000000                               -4.2607922508019529E-002
  0.90000000000000002                                8.4313437549654729E-003
  0.92000000000000004                                5.7824757510929484E-002
  0.94000000000000006                               0.10544033417173032     
  0.95999999999999996                               0.15116709322692401     
  0.97999999999999998                               0.19491445022450429     
   1.0000000000000000                               0.23661145660470329     
   1.0200000000000000                               0.27620590698828679     
   1.0400000000000000                               0.31366333375356820     
   1.0600000000000001                               0.34896590867001803     
   1.0800000000000001                               0.38211127101444026     
   1.1000000000000001                               0.41311130100475418     
   1.1200000000000001                               0.44199085657523846     
   1.1400000000000001                               0.46878649051595117     
   1.1599999999999999                               0.49354516383906943     
   1.1799999999999999                               0.51632296994739579     
   1.2000000000000000                               0.53718388279615314     
   1.2200000000000000                               0.55619854078835351     
   1.2400000000000000                               0.57344307665497773     
   1.2600000000000000                               0.58899800207057629     
   1.2800000000000000                               0.60294715426716683     
   1.3000000000000000                               0.61537671045648323     
   1.3200000000000001                               0.62637427447212057     
   1.3400000000000001                               0.63602803871557856     
   1.3600000000000001                               0.64442602324748532     
   1.3800000000000001                               0.65165539271846673     
   1.4000000000000001                               0.65780185079155518     
   1.4199999999999999                               0.66294911077547103     
   1.4399999999999999                               0.66717844036883633     
   1.4600000000000000                               0.67056827771044092     
   1.4800000000000000                               0.67319391533904427     
   1.5000000000000000                               0.67512724818503511     
   1.5200000000000000                               0.67643658134116724     
   1.5400000000000000                               0.67718649308481582     
   1.5600000000000001                               0.67743774844295013     
   1.5800000000000001                               0.67724725849565537     
   1.6000000000000001                               0.67666808059633188     
   1.6200000000000001                               0.67574945473804282     
   1.6400000000000001                               0.67453687140708862     
   1.6600000000000001                               0.67307216642797651     
   1.6799999999999999                               0.67139363850991896     
   1.7000000000000000                               0.66953618544552107     
   1.7200000000000000                               0.66753145517952506     
   1.7400000000000000                               0.66540800825199109     
   1.7600000000000000                               0.66319148841932463     
   1.7800000000000000                               0.66090479856195927     
   1.8000000000000000                               0.65856827929379402     
   1.8200000000000001                               0.65619988799086648     
   1.8400000000000001                               0.65381537625111286     
   1.8600000000000001                               0.65142846407997645     
   1.8800000000000001                               0.64905100936528981     
   1.9000000000000001                               0.64669317145708305     
   1.9199999999999999                               0.64436356790215044     
   1.9399999999999999                               0.64206942359824315     
   1.9600000000000000                               0.63981671182802458     
   1.9800000000000000                               0.63761028680821441     
   2.0000000000000000                               0.63545400754482173     
