   0.0000000000000000                                0.0000000000000000     
   2.9999999329447747E-005                           20.681443363590436     
   5.9999998658895494E-005                           28.825087357911123     
   8.9999997988343241E-005                           30.393921483787651     
   1.1999999731779099E-004                           28.721523708113452     
   1.4999999664723875E-004                           25.637492552845380     
   1.7999999597668648E-004                           22.117222193976222     
   2.0999999530613422E-004                           18.655947285508510     
   2.3999999463558198E-004                           15.483156791219573     
   2.6999999396502974E-004                           12.684758504948707     
   2.9999999329447750E-004                           10.272070101382804     
   3.2999999262392520E-004                           8.2202721483747947     
   3.5999999195337296E-004                           6.4894144280250723     
   3.8999999128282073E-004                           5.0355301734001321     
   4.1999999061226843E-004                           3.8162039709327953     
   4.4999998994171619E-004                           2.7930819150942972     
   4.7999998927116395E-004                           1.9327398282157602     
   5.0999998860061166E-004                           1.2067073800896693     
   5.3999998793005947E-004                          0.59109134249508399     
   5.6999998725950718E-004                           6.6038883793579695E-002
   5.9999998658895499E-004                         -0.38483269813292148     
   6.2999998591840270E-004                         -0.77497743175665512     
   6.5999998524785041E-004                          -1.1154060925728515     
   6.8999998457729822E-004                          -1.4151071108449251     
   7.1999998390674593E-004                          -1.6814040135204826     
   7.4999998323619364E-004                          -1.9202548673799176     
   7.7999998256564145E-004                          -2.1365008513101289     
   8.0999998189508916E-004                          -2.3340713121756314     
   8.3999998122453686E-004                          -2.5161521896741683     
   8.6999998055398468E-004                          -2.6853239344155506     
   8.9999997988343238E-004                          -2.8436742038987686     
   9.2999997921288020E-004                          -2.9928898102097925     
   9.5999997854232791E-004                          -3.1343316595059378     
   9.8999997787177561E-004                          -3.2690957835218635     
   1.0199999772012233E-003                          -3.3980630180234361     
   1.0499999765306712E-003                          -3.5219394252253546     
   1.0799999758601189E-003                          -3.6412891764625370     
   1.1099999751895667E-003                          -3.7565612969889597     
   1.1399999745190144E-003                          -3.8681114163360046     
   1.1699999738484621E-003                          -3.9762194559250741     
   1.1999999731779100E-003                          -4.0811040125556604     
   1.2299999725073577E-003                          -4.1829340551506018     
   1.2599999718368054E-003                          -4.2818384370127625     
   1.2899999711662531E-003                          -4.3779136320816843     
   1.3199999704957008E-003                          -4.4712300273557970     
   1.3499999698251485E-003                          -4.5618370415469078     
   1.3799999691545964E-003                          -4.6497672895230258     
   1.4099999684840442E-003                          -4.7350399710194591     
   1.4399999678134919E-003                          -4.8176636286994112     
   1.4699999671429396E-003                          -4.8976383934921150     
   1.4999999664723873E-003                          -4.9749578130624581     
   1.5299999658018352E-003                          -5.0496103413223503     
   1.5599999651312829E-003                          -5.1215805523082913     
   1.5899999644607306E-003                          -5.1908501298936454     
   1.6199999637901783E-003                          -5.2573986751675035     
   1.6499999631196260E-003                          -5.3212043654792529     
   1.6799999624490737E-003                          -5.3822444927815596     
   1.7099999617785216E-003                          -5.4404959037298735     
   1.7399999611079694E-003                          -5.4959353597908809     
   1.7699999604374171E-003                          -5.5485398321939083     
   1.7999999597668648E-003                          -5.5982867437810278     
   1.8299999590963125E-003                          -5.6451541675534580     
   1.8599999584257604E-003                          -5.6891209898766162     
   1.8899999577552081E-003                          -5.7301670448145563     
   1.9199999570846558E-003                          -5.7682732248521482     
   1.9499999564141035E-003                          -5.8034215722783280     
   1.9799999557435512E-003                          -5.8355953547027077     
   2.0099999550729991E-003                          -5.8647791275273926     
   2.0399999544024466E-003                          -5.8909587856668386     
   2.0699999537318946E-003                          -5.9141216063788686     
   2.0999999530613425E-003                          -5.9342562847208553     
   2.1299999523907900E-003                          -5.9513529628610931     
   2.1599999517202379E-003                          -5.9654032542450910     
   2.1899999510496854E-003                          -5.9764002634290190     
   2.2199999503791333E-003                          -5.9843386022403537     
   2.2499999497085812E-003                          -5.9892144028023777     
   2.2799999490380287E-003                          -5.9910253278584875     
   2.3099999483674766E-003                          -5.9897705787510347     
   2.3399999476969241E-003                          -5.9854509013431141     
   2.3699999470263721E-003                          -5.9780685901179229     
   2.3999999463558200E-003                          -5.9676274906469713     
   2.4299999456852675E-003                          -5.9541330005828002     
   2.4599999450147154E-003                          -5.9375920693034745     
   2.4899999443441629E-003                          -5.9180131963127405     
   2.5199999436736108E-003                          -5.8954064284809311     
   2.5499999430030583E-003                          -5.8697833561967290     
   2.5799999423325062E-003                          -5.8411571084872858     
   2.6099999416619541E-003                          -5.8095423471546468     
   2.6399999409914016E-003                          -5.7749552599681193     
   2.6699999403208496E-003                          -5.7374135529461299     
   2.6999999396502970E-003                          -5.6969364417557511     
   2.7299999389797450E-003                          -5.6535446422540288     
   2.7599999383091929E-003                          -5.6072603601921323     
   2.7899999376386404E-003                          -5.5581072801004838     
   2.8199999369680883E-003                          -5.5061105533713341     
   2.8499999362975358E-003                          -5.4512967855533860     
   2.8799999356269837E-003                          -5.3936940228719887     
   2.9099999349564316E-003                          -5.3333317379875869     
   2.9399999342858791E-003                          -5.2702408150042075     
   2.9699999336153271E-003                          -5.2044535337395335     
   2.9999999329447745E-003                          -5.1360035532676171     
   3.0299999322742225E-003                          -5.0649258947451177     
   3.0599999316036704E-003                          -4.9912569235319388     
   3.0899999309331179E-003                          -4.9150343306169804     
   3.1199999302625658E-003                          -4.8362971133599011     
   3.1499999295920133E-003                          -4.7550855555598055     
   3.1799999289214612E-003                          -4.6714412068619220     
   3.2099999282509091E-003                          -4.5854068615135555     
   3.2399999275803566E-003                          -4.4970265364807451     
   3.2699999269098045E-003                          -4.4063454489372775     
   3.2999999262392520E-003                          -4.3134099931380279     
   3.3299999255687000E-003                          -4.2182677166886622     
   3.3599999248981475E-003                          -4.1209672962242392     
   3.3899999242275954E-003                          -4.0215585125092126     
   3.4199999235570433E-003                          -3.9200922249718428     
   3.4499999228864908E-003                          -3.8166203456861600     
   3.4799999222159387E-003                          -3.7111958128148643     
   3.5099999215453862E-003                          -3.6038725635268980     
   3.5399999208748341E-003                          -3.4947055064035557     
   3.5699999202042820E-003                          -3.3837504933473981     
   3.5999999195337295E-003                          -3.2710642910082668     
   3.6299999188631775E-003                          -3.1567045517411731     
   3.6599999181926249E-003                          -3.0407297841109022     
   3.6899999175220729E-003                          -2.9231993229584217     
   3.7199999168515208E-003                          -2.8041732990444963     
   3.7499999161809683E-003                          -2.6837126082859939     
   3.7799999155104162E-003                          -2.5618788806006796     
   3.8099999148398637E-003                          -2.4387344483764308     
   3.8399999141693116E-003                          -2.3143423145809949     
   3.8699999134987595E-003                          -2.1887661205286695     
   3.8999999128282070E-003                          -2.0620701133203281     
   3.9299999121576550E-003                          -1.9343191129735160     
   3.9599999114871024E-003                          -1.8055784792594245     
   3.9899999108165499E-003                          -1.6759140782636628     
   4.0199999101459983E-003                          -1.5453922486880154     
   4.0499999094754458E-003                          -1.4140797679103849     
   4.0799999088048933E-003                          -1.2820438178202718     
   4.1099999081343416E-003                          -1.1493519504473149     
   4.1399999074637891E-003                          -1.0160720534004481     
   4.1699999067932366E-003                         -0.88227231513536120     
   4.1999999061226850E-003                         -0.74802119006804335     
   4.2299999054521325E-003                         -0.61338736355225076     
   4.2599999047815799E-003                         -0.47843971673882735     
   4.2899999041110274E-003                         -0.34324729133484333     
   4.3199999034404758E-003                         -0.20787925428057868     
   4.3499999027699233E-003                          -7.2404862362451167E-002
   4.3799999020993708E-003                           6.3106573220021889E-002
   4.4099999014288191E-003                          0.19858572231511265     
   4.4399999007582666E-003                          0.33396327128948228     
   4.4699999000877141E-003                          0.46916995849028564     
   4.4999998994171625E-003                          0.60413660968072636     
   4.5299998987466100E-003                          0.73879417343086407     
   4.5599998980760574E-003                          0.87307375644560592     
   4.5899998974055049E-003                           1.0069066588117883     
   4.6199998967349533E-003                           1.1402244091463112     
   4.6499998960644008E-003                           1.2729587996273715     
   4.6799998953938483E-003                           1.4050419208908302     
   4.7099998947232966E-003                           1.5364061967738982     
   4.7399998940527441E-003                           1.6669844188883653     
   4.7699998933821916E-003                           1.7967097810056265     
   4.7999998927116400E-003                           1.9255159132360040     
   4.8299998920410874E-003                           2.0533369159848016     
   4.8599998913705349E-003                           2.1801073936677260     
   4.8899998906999824E-003                           2.3057624881685204     
   4.9199998900294308E-003                           2.4302379120215449     
   4.9499998893588783E-003                           2.5534699813024457     
   4.9799998886883258E-003                           2.6753956482099990     
   5.0099998880177741E-003                           2.7959525333225628     
   5.0399998873472216E-003                           2.9150789575125335     
   5.0699998866766691E-003                           3.0327139735024922     
   5.0999998860061166E-003                           3.1487973970470038     
   5.1299998853355649E-003                           3.2632698377239611     
   5.1599998846650124E-003                           3.3760727293198354     
   5.1899998839944599E-003                           3.4871483597932040     
   5.2199998833239083E-003                           3.5964399008013324     
   5.2499998826533558E-003                           3.7038914367745903     
   5.2799998819828033E-003                           3.8094479935238632     
   5.3099998813122516E-003                           3.9130555663663991     
   5.3399998806416991E-003                           4.0146611477556036     
   5.3699998799711466E-003                           4.1142127544006142     
   5.3999998793005941E-003                           4.2116594538620058     
   5.4299998786300424E-003                           4.3069513906096901     
   5.4599998779594899E-003                           4.4000398115299895     
   5.4899998772889374E-003                           4.4908770908685609     
   5.5199998766183858E-003                           4.5794167545966431     
   5.5499998759478333E-003                           4.6656135041880669     
   5.5799998752772808E-003                           4.7494232397947478     
   5.6099998746067291E-003                           4.8308030828090089     
   5.6399998739361766E-003                           4.9097113978011242     
   5.6699998732656241E-003                           4.9861078138206443     
   5.6999998725950716E-003                           5.0599532450510605     
   5.7299998719245199E-003                           5.1312099108067306     
   5.7599998712539674E-003                           5.1998413548622509     
   5.7899998705834149E-003                           5.2658124641040640     
   5.8199998699128633E-003                           5.3290894864949996     
   5.8499998692423108E-003                           5.3896400483424962     
   5.8799998685717583E-003                           5.4474331708614487     
   5.9099998679012057E-003                           5.5024392860236819     
   5.9399998672306541E-003                           5.5546302516853805     
   5.9699998665601016E-003                           5.6039793659852144     
   5.9999998658895491E-003                           5.6504613810054343     
   6.0299998652189974E-003                           5.6940525156891928     
   6.0599998645484449E-003                           5.7347304680074398     
   6.0899998638778924E-003                           5.7724744263689027     
   6.1199998632073408E-003                           5.8072650802678476     
   6.1499998625367883E-003                           5.8390846301635877     
   6.1799998618662358E-003                           5.8679167965870649     
   6.2099998611956832E-003                           5.8937468284697880     
   6.2399998605251316E-003                           5.9165615106906646     
   6.2699998598545791E-003                           5.9363491708372074     
   6.2999998591840266E-003                           5.9530996851772038     
   6.3299998585134749E-003                           5.9668044838383683     
   6.3599998578429224E-003                           5.9774565551927470     
   6.3899998571723699E-003                           5.9850504494440040     
   6.4199998565018183E-003                           5.9895822814156991     
   6.4499998558312658E-003                           5.9910497325389489     
   6.4799998551607133E-003                           5.9894520520386649     
   6.5099998544901607E-003                           5.9847900573176647     
   6.5399998538196091E-003                           5.9770661335385213     
   6.5699998531490566E-003                           5.9662842324032015     
   6.5999998524785041E-003                           5.9524498701313160     
   6.6299998518079524E-003                           5.9355701246379731     
   6.6599998511373999E-003                           5.9156536319125257     
   6.6899998504668474E-003                           5.8927105816002543     
   6.7199998497962949E-003                           5.8667527117891609     
   6.7499998491257433E-003                           5.8377933030045783     
   6.7799998484551907E-003                           5.8058471714145652     
   6.8099998477846382E-003                           5.7709306612496691     
   6.8399998471140866E-003                           5.7330616364409872     
   6.8699998464435341E-003                           5.6922594714805834     
   6.8999998457729816E-003                           5.6485450415091512     
   6.9299998451024299E-003                           5.6019407116359146     
   6.9599998444318774E-003                           5.5524703254962633     
   6.9899998437613249E-003                           5.5001591930528448     
   7.0199998430907724E-003                           5.4450340776465405     
   7.0499998424202208E-003                           5.3871231823038892     
   7.0799998417496682E-003                           5.3264561353078399     
   7.1099998410791157E-003                           5.2630639750393993     
   7.1399998404085641E-003                           5.1969791340978180     
   7.1699998397380116E-003                           5.1282354227075038     
   7.1999998390674591E-003                           5.0568680114200451     
   7.2299998383969074E-003                           4.9829134131203148     
   7.2599998377263549E-003                           4.9064094643458551     
   7.2899998370558024E-003                           4.8273953059289072     
   7.3199998363852499E-003                           4.7459113629713450     
   7.3499998357146983E-003                           4.6619993241623643     
   7.3799998350441457E-003                           4.5757021204498596     
   7.4099998343735932E-003                           4.4870639030760824     
   7.4399998337030416E-003                           4.3961300209890766     
   7.4699998330324891E-003                           4.3029469976413619     
   7.4999998323619366E-003                           4.2075625071875953     
   7.5299998316913849E-003                           4.1100253500936681     
   7.5599998310208324E-003                           4.0103854281694540     
   7.5899998303502799E-003                           3.9086937190381139     
   7.6199998296797274E-003                           3.8050022500550340     
   7.6499998290091758E-003                           3.6993640716896303     
   7.6799998283386232E-003                           3.5918332303837985     
   7.7099998276680707E-003                           3.4824647409006970     
   7.7399998269975191E-003                           3.3713145581782258     
   7.7699998263269666E-003                           3.2584395487014417     
   7.7999998256564141E-003                           3.1438974614085740     
   7.8299998249858616E-003                           3.0277468981456663     
   7.8599998243153099E-003                           2.9100472836847469     
   7.8899998236447583E-003                           2.7908588353210284     
   7.9199998229742049E-003                           2.6702425320646168     
   7.9499998223036532E-003                           2.5482600834425408     
   7.9799998216330999E-003                           2.4249738979270226     
   8.0099998209625482E-003                           2.3004470510061390     
   8.0399998202919966E-003                           2.1747432529132475     
   8.0699998196214432E-003                           2.0479268160316373     
   8.0999998189508916E-003                           1.9200626219911381     
   8.1299998182803399E-003                           1.7912160884734958     
   8.1599998176097865E-003                           1.6614531357434472     
   8.1899998169392349E-003                           1.5308401529227220     
   8.2199998162686833E-003                           1.3994439640241365     
   8.2499998155981299E-003                           1.2673317937631881     
   8.2799998149275782E-003                           1.1345712331646498     
   8.3099998142570266E-003                           1.0012302049817701     
   8.3399998135864732E-003                          0.86737692894572338     
   8.3699998129159216E-003                          0.73307988686313541     
   8.3999998122453699E-003                          0.59840778757953306     
   8.4299998115748166E-003                          0.46342953182663948     
   8.4599998109042649E-003                          0.32821417697147071     
   8.4899998102337133E-003                          0.19283090168531705     
   8.5199998095631599E-003                           5.7348970550669010E-002
   8.5499998088926082E-003                          -7.8162301375835047E-002
   8.5799998082220549E-003                         -0.21363358402626795     
   8.6099998075515032E-003                         -0.34899556779194590     
   8.6399998068809516E-003                         -0.48417899898352990     
   8.6699998062103982E-003                         -0.61911471526246054     
   8.6999998055398466E-003                         -0.75373368102568061     
   8.7299998048692949E-003                         -0.88796702272558703     
   8.7599998041987415E-003                          -1.0217460641069347     
   8.7899998035281899E-003                          -1.1550023613429039     
   8.8199998028576383E-003                          -1.2876677380522477     
   8.8499998021870849E-003                          -1.4196743201795570     
   8.8799998015165332E-003                          -1.5509545707208814     
   8.9099998008459816E-003                          -1.6814413242769422     
   8.9399998001754282E-003                          -1.8110678214161449     
   8.9699997995048766E-003                          -1.9397677428299431     
   8.9999997988343249E-003                          -2.0674752432630696     
   9.0299997981637715E-003                          -2.1941249852011309     
   9.0599997974932199E-003                          -2.3196521722984738     
   9.0899997968226665E-003                          -2.4439925825292841     
   9.1199997961521149E-003                          -2.5670826010446319     
   9.1499997954815632E-003                          -2.6888592527191313     
   9.1799997948110099E-003                          -2.8092602343700679     
   9.2099997941404582E-003                          -2.9282239466329041     
   9.2399997934699066E-003                          -3.0456895254766789     
   9.2699997927993532E-003                          -3.1615968733431239     
   9.2999997921288016E-003                          -3.2758866898936754     
   9.3299997914582499E-003                          -3.3885005023487000     
   9.3599997907876965E-003                          -3.4993806954031608     
   9.3899997901171449E-003                          -3.6084705407036908     
   9.4199997894465932E-003                          -3.7157142258719196     
   9.4499997887760399E-003                          -3.8210568830590463     
   9.4799997881054882E-003                          -3.9244446170172655     
   9.5099997874349366E-003                          -4.0258245326736244     
   9.5399997867643832E-003                          -4.1251447621920425     
   9.5699997860938316E-003                          -4.2223544915098481     
   9.5999997854232799E-003                          -4.3174039863353109     
   9.6299997847527265E-003                          -4.4102446175924728     
   9.6599997840821749E-003                          -4.5008288863007460     
   9.6899997834116215E-003                          -4.5891104478763278     
   9.7199997827410699E-003                          -4.6750441358428194     
   9.7499997820705182E-003                          -4.7585859849393621     
   9.7799997813999649E-003                          -4.8396932536139641     
   9.8099997807294132E-003                          -4.9183244458909012     
   9.8399997800588616E-003                          -4.9944393326008960     
   9.8699997793883082E-003                          -5.0679989719629983     
   9.8999997787177565E-003                          -5.1389657295079605     
   9.9299997780472049E-003                          -5.2073032973327713     
   9.9599997773766515E-003                          -5.2729767126763889     
   9.9899997767060999E-003                          -5.3359523758073042     
   1.0019999776035548E-002                          -5.3961980672139358     
   1.0049999775364995E-002                          -5.4536829640885482     
   1.0079999774694443E-002                          -5.5083776560968394     
   1.0109999774023892E-002                          -5.5602541604248845     
   1.0139999773353338E-002                          -5.6092859360955449     
   1.0169999772682787E-002                          -5.6554478975473534     
   1.0199999772012233E-002                          -5.6987164274688231     
   1.0229999771341682E-002                          -5.7390693888813882     
   1.0259999770671130E-002                          -5.7764861364652011     
   1.0289999770000577E-002                          -5.8109475271215656     
   1.0319999769330025E-002                          -5.8424359297669248     
   1.0349999768659473E-002                          -5.8709352343533130     
   1.0379999767988920E-002                          -5.8964308601104811     
   1.0409999767318368E-002                          -5.9189097630056500     
   1.0439999766647817E-002                          -5.9383604424172569     
   1.0469999765977263E-002                          -5.9547729470186779     
   1.0499999765306712E-002                          -5.9681388798695929     
   1.0529999764636160E-002                          -5.9784514027120945     
   1.0559999763965607E-002                          -5.9857052394691417     
   1.0589999763295055E-002                          -5.9898966789439347     
   1.0619999762624503E-002                          -5.9910235767187103     
   1.0649999761953950E-002                          -5.9890853562517723     
   1.0679999761283398E-002                          -5.9840830091724326     
   1.0709999760612845E-002                          -5.9760190947738234     
   1.0739999759942293E-002                          -5.9648977387033844     
   1.0769999759271742E-002                          -5.9507246308521946     
   1.0799999758601188E-002                          -5.9335070224437816     
   1.0829999757930637E-002                          -5.9132537223244030     
   1.0859999757260085E-002                          -5.8899750924562770     
   1.0889999756589532E-002                          -5.8636830426160609     
   1.0919999755918980E-002                          -5.8343910243017483     
   1.0949999755248428E-002                          -5.8021140238506046     
   1.0979999754577875E-002                          -5.7668685547717962     
   1.1009999753907323E-002                          -5.7286726492978008     
   1.1039999753236772E-002                          -5.6875458491589379     
   1.1069999752566218E-002                          -5.6435091955852412     
   1.1099999751895667E-002                          -5.5965852185414553     
   1.1129999751225115E-002                          -5.5467979252003623     
   1.1159999750554562E-002                          -5.4941727876602124     
   1.1189999749884010E-002                          -5.4387367299126534     
   1.1219999749213458E-002                          -5.3805181140680762     
   1.1249999748542905E-002                          -5.3195467258449423     
   1.1279999747872353E-002                          -5.2558537593308126     
   1.1309999747201800E-002                          -5.1894718010229886     
   1.1339999746531248E-002                          -5.1204348131565895     
   1.1369999745860697E-002                          -5.0487781163288927     
   1.1399999745190143E-002                          -4.9745383714285891     
   1.1429999744519592E-002                          -4.8977535608794120     
   1.1459999743849040E-002                          -4.8184629692077667     
   1.1489999743178487E-002                          -4.7367071629438486     
   1.1519999742507935E-002                          -4.6525279698671307     
   1.1549999741837383E-002                          -4.5659684576065498     
   1.1579999741166830E-002                          -4.4770729116062835     
   1.1609999740496278E-002                          -4.3858868124684225     
   1.1639999739825727E-002                          -4.2924568126843825     
   1.1669999739155173E-002                          -4.1968307127665625     
   1.1699999738484622E-002                          -4.0990574367926786     
   1.1729999737814070E-002                          -3.9991870073753883     
   1.1759999737143517E-002                          -3.8972705200697630     
   1.1789999736472965E-002                          -3.7933601172318192     
   1.1819999735802411E-002                          -3.6875089613416088     
   1.1849999735131860E-002                          -3.5797712078042108     
   1.1879999734461308E-002                          -3.4702019772429535     
   1.1909999733790755E-002                          -3.3588573272985638     
   1.1939999733120203E-002                          -3.2457942239490896     
   1.1969999732449652E-002                          -3.1310705123650870     
   1.1999999731779098E-002                          -3.0147448873149405     
   1.2029999731108547E-002                          -2.8968768631354891     
   1.2059999730437995E-002                          -2.7775267432834831     
   1.2089999729767441E-002                          -2.6567555894831631     
   1.2119999729096890E-002                          -2.5346251904859356     
   1.2149999728426338E-002                          -2.4111980304581686     
   1.2179999727755785E-002                          -2.2865372570131117     
   1.2209999727085233E-002                          -2.1607066489033828     
   1.2239999726414682E-002                          -2.0337705833906332     
   1.2269999725744128E-002                          -1.9057940033089040     
   1.2299999725073577E-002                          -1.7768423838387091     
   1.2329999724403025E-002                          -1.6469816990087107     
   1.2359999723732472E-002                          -1.5162783879421746     
   1.2389999723061920E-002                          -1.3847993208655158     
   1.2419999722391366E-002                          -1.2526117648962389     
   1.2449999721720815E-002                          -1.1197833496278380     
   1.2479999721050263E-002                         -0.98638203252926338     
   1.2509999720379710E-002                         -0.85247606417660693     
   1.2539999719709158E-002                         -0.71813395333485952     
   1.2569999719038607E-002                         -0.58342443190756121     
   1.2599999718368053E-002                         -0.44841641977228708     
   1.2629999717697502E-002                         -0.31317898951997419     
   1.2659999717026950E-002                         -0.17778133111608777     
   1.2689999716356396E-002                          -4.2292716501785538E-002
   1.2719999715685845E-002                           9.3217535846900013E-002
   1.2749999715015293E-002                          0.22868009638367517     
   1.2779999714344740E-002                          0.36402565996225866     
   1.2809999713674188E-002                          0.49918498129416189     
   1.2839999713003637E-002                          0.63408891037588866     
   1.2869999712333083E-002                          0.76866842786730250     
   1.2899999711662532E-002                          0.90285468040324912     
   1.2929999710991978E-002                           1.0365790158201869     
   1.2959999710321427E-002                           1.1697730182798680     
   1.2989999709650875E-002                           1.3023685432721979     
   1.3019999708980321E-002                           1.4342977524792073     
   1.3049999708309770E-002                           1.5654931484823553     
   1.3079999707639218E-002                           1.6958876092955006     
   1.3109999706968665E-002                           1.8254144227057343     
   1.3139999706298113E-002                           1.9540073204045416     
   1.3169999705627562E-002                           2.0816005118919647     
   1.3199999704957008E-002                           2.2081287181361633     
   1.3229999704286457E-002                           2.3335272049714089     
   1.3259999703615905E-002                           2.4577318162173079     
   1.3289999702945351E-002                           2.5806790065022023     
   1.3319999702274800E-002                           2.7023058737742356     
   1.3349999701604248E-002                           2.8225501914832027     
   1.3379999700933695E-002                           2.9413504404167057     
   1.3409999700263143E-002                           3.0586458401746315     
   1.3439999699592590E-002                           3.1743763802654943     
   1.3469999698922038E-002                           3.2884828508088475     
   1.3499999698251487E-002                           3.4009068728282381     
   1.3529999697580933E-002                           3.5115909281189528     
   1.3559999696910381E-002                           3.6204783886753025     
   1.3589999696239830E-002                           3.7275135456627000     
   1.3619999695569276E-002                           3.8326416379191941     
   1.3649999694898725E-002                           3.9358088799723725     
   1.3679999694228173E-002                           4.0369624895570153     
   1.3709999693557620E-002                           4.1360507146193672     
   1.3739999692887068E-002                           4.2330228597945609     
   1.3769999692216517E-002                           4.3278293123432920     
   1.3799999691545963E-002                           4.4204215675344987     
   1.3829999690875412E-002                           4.5107522534613889     
   1.3859999690204860E-002                           4.5987751552777993     
   1.3889999689534306E-002                           4.6844452388424491     
   1.3919999688863755E-002                           4.7677186737592718     
   1.3949999688193203E-002                           4.8485528558020121     
   1.3979999687522650E-002                           4.9269064287111197     
   1.4009999686852098E-002                           5.0027393053524234     
   1.4039999686181545E-002                           5.0760126882265757     
   1.4069999685510993E-002                           5.1466890893184392     
   1.4099999684840442E-002                           5.2147323492767406     
   1.4129999684169888E-002                           5.2801076559137199     
   1.4159999683499336E-002                           5.3427815620158334     
   1.4189999682828785E-002                           5.4027220024559552     
   1.4219999682158231E-002                           5.4598983105983505     
   1.4249999681487680E-002                           5.5142812339884442     
   1.4279999680817128E-002                           5.5658429493188883     
   1.4309999680146575E-002                           5.6145570766643953     
   1.4339999679476023E-002                           5.6603986929782133     
   1.4369999678805472E-002                           5.7033443448433951     
   1.4399999678134918E-002                           5.7433720604717564     
   1.4429999677464367E-002                           5.7804613609451110     
   1.4459999676793815E-002                           5.8145932706927939     
   1.4489999676123261E-002                           5.8457503271998146     
   1.4519999675452710E-002                           5.8739165899409249     
   1.4549999674782156E-002                           5.8990776485362444     
   1.4579999674111605E-002                           5.9212206301237789     
   1.4609999673441053E-002                           5.9403342059454909     
   1.4639999672770500E-002                           5.9564085971431444     
   1.4669999672099948E-002                           5.9694355797615124     
   1.4699999671429397E-002                           5.9794084889558823     
   1.4729999670758843E-002                           5.9863222224018120     
   1.4759999670088291E-002                           5.9901732429056018     
   1.4789999669417740E-002                           5.9909595802141684     
   1.4819999668747186E-002                           5.9886808320228049     
   1.4849999668076635E-002                           5.9833381641811121     
   1.4879999667406083E-002                           5.9749343100965921     
   1.4909999666735530E-002                           5.9634735693361387     
   1.4939999666064978E-002                           5.9489618054262037     
   1.4969999665394427E-002                           5.9314064428530902     
   1.4999999664723873E-002                           5.9108164632643456     
   1.5029999664053321E-002                           5.8872024008735195     
   1.5059999663382770E-002                           5.8605763370708033     
   1.5089999662712216E-002                           5.8309518942419265     
   1.5119999662041665E-002                           5.7983442287985891     
   1.5149999661371111E-002                           5.7627700234243289     
   1.5179999660700560E-002                           5.7242474785391702     
   1.5209999660030008E-002                           5.6827963029881889     
   1.5239999659359455E-002                           5.6384377039578606     
   1.5269999658688903E-002                           5.5911943761261682     
   1.5299999658018352E-002                           5.5410904900516496     
   1.5329999657347798E-002                           5.4881516798072427     
   1.5359999656677246E-002                           5.4324050298653388     
   1.5389999656006695E-002                           5.3738790612410288     
   1.5419999655336141E-002                           5.3126037169001341     
   1.5449999654665590E-002                           5.2486103464397660     
   1.5479999653995038E-002                           5.1819316900494306     
   1.5509999653324485E-002                           5.1126018617604956     
   1.5539999652653933E-002                           5.0406563319927367     
   1.5569999651983382E-002                           4.9661319094071503     
   1.5599999651312828E-002                           4.8890667220738546     
   1.5629999650642275E-002                           4.8095001979651189     
   1.5659999649971723E-002                           4.7274730447833040     
   1.5689999649301171E-002                           4.6430272291340158     
   1.5719999648630620E-002                           4.5562059550551837     
   1.5749999647960068E-002                           4.4670536419131546     
   1.5779999647289517E-002                           4.3756159016768432     
   1.5809999646618961E-002                           4.2819395155819002     
   1.5839999645948410E-002                           4.1860724101964450     
   1.5869999645277858E-002                           4.0880636329011342     
   1.5899999644607306E-002                           3.9879633267954033     
   1.5929999643936755E-002                           3.8858227050434895     
   1.5959999643266200E-002                           3.7816940246727384     
   1.5989999642595648E-002                           3.6756305598379595     
   1.6019999641925096E-002                           3.5676865745654762     
   1.6049999641254545E-002                           3.4579172949905481     
   1.6079999640583993E-002                           3.3463788811026709     
   1.6109999639913442E-002                           3.2331283980131094     
   1.6139999639242886E-002                           3.1182237867593585     
   1.6169999638572335E-002                           3.0017238346613633     
   1.6199999637901783E-002                           2.8836881452449692     
   1.6229999637231231E-002                           2.7641771077475252     
   1.6259999636560680E-002                           2.6432518662217035     
   1.6289999635890128E-002                           2.5209742882530564     
   1.6319999635219573E-002                           2.3974069333074075     
   1.6349999634549021E-002                           2.2726130207242989     
   1.6379999633878470E-002                           2.1466563973728325     
   1.6409999633207918E-002                           2.0196015049863600     
   1.6439999632537367E-002                           1.8915133471929455     
   1.6469999631866811E-002                           1.7624574562583264     
   1.6499999631196260E-002                           1.6324998595583500     
   1.6529999630525708E-002                           1.5017070457982089     
   1.6559999629855156E-002                           1.3701459309955375     
   1.6589999629184605E-002                           1.2378838242449719     
   1.6619999628514053E-002                           1.1049883932815616     
   1.6649999627843498E-002                          0.97152762986072339     
   1.6679999627172946E-002                          0.83756981497238669     
   1.6709999626502395E-002                          0.70318348390718666     
   1.6739999625831843E-002                          0.56843739119254455     
   1.6769999625161292E-002                          0.43340047541658044     
   1.6799999624490740E-002                          0.29814182395785582     
   1.6829999623820185E-002                          0.16273063763901768     
   1.6859999623149633E-002                           2.7236195322355577E-002
   1.6889999622479081E-002                         -0.10827218153455412     
   1.6919999621808530E-002                         -0.24372516434494901     
   1.6949999621137978E-002                         -0.37905345286268322     
   1.6979999620467427E-002                         -0.51418781063752483     
   1.7009999619796871E-002                         -0.64905910043776471     
   1.7039999619126320E-002                         -0.78359831962214621     
   1.7069999618455768E-002                         -0.91773663544287276     
   1.7099999617785216E-002                          -1.0514054202617065     
   1.7129999617114665E-002                          -1.1845362866611133     
   1.7159999616444110E-002                          -1.3170611224325792     
   1.7189999615773558E-002                          -1.4489121254240063     
   1.7219999615103006E-002                          -1.5800218382286531     
   1.7249999614432455E-002                          -1.7103231826974565     
   1.7279999613761903E-002                          -1.8397494942575481     
   1.7309999613091352E-002                          -1.9682345560190326     
   1.7339999612420796E-002                          -2.0957126326527722     
   1.7369999611750245E-002                          -2.2221185040218039     
   1.7399999611079693E-002                          -2.3473874985492422     
   1.7429999610409141E-002                          -2.4714555263053097     
   1.7459999609738590E-002                          -2.5942591117969807     
   1.7489999609068038E-002                          -2.7157354264432843     
   1.7519999608397483E-002                          -2.8358223207194815     
   1.7549999607726931E-002                          -2.9544583559539026     
   1.7579999607056380E-002                          -3.0715828357612280     
   1.7609999606385828E-002                          -3.1871358370957701     
   1.7639999605715277E-002                          -3.3010582409092009     
   1.7669999605044721E-002                          -3.4132917623969741     
   1.7699999604374170E-002                          -3.5237789808179167     
   1.7729999603703618E-002                          -3.6324633688718224     
   1.7759999603033066E-002                          -3.7392893216196872     
   1.7789999602362515E-002                          -3.8442021849323189     
   1.7819999601691963E-002                          -3.9471482834524281     
   1.7849999601021408E-002                          -4.0480749480558433     
   1.7879999600350856E-002                          -4.1469305427980823     
   1.7909999599680305E-002                          -4.2436644913322743     
   1.7939999599009753E-002                          -4.3382273027848886     
   1.7969999598339201E-002                          -4.4305705970761426     
   1.7999999597668650E-002                          -4.5206471296722741     
   1.8029999596998095E-002                          -4.6084108157566037     
   1.8059999596327543E-002                          -4.6938167538073552     
   1.8089999595656991E-002                          -4.7768212485703003     
   1.8119999594986440E-002                          -4.8573818334138785     
   1.8149999594315888E-002                          -4.9354572920559168     
   1.8179999593645333E-002                          -5.0110076796506471     
   1.8209999592974781E-002                          -5.0839943432252719     
   1.8239999592304230E-002                          -5.1543799414556402     
   1.8269999591633678E-002                          -5.2221284637705283     
   1.8299999590963126E-002                          -5.2872052487754022     
   1.8329999590292575E-002                          -5.3495770019859288     
   1.8359999589622020E-002                          -5.4092118128619182     
   1.8389999588951468E-002                          -5.4660791711333543     
   1.8419999588280916E-002                          -5.5201499824101727     
   1.8449999587610365E-002                          -5.5713965830673349     
   1.8479999586939813E-002                          -5.6197927543980297     
   1.8509999586269262E-002                          -5.6653137360277039     
   1.8539999585598706E-002                          -5.7079362385819818     
   1.8569999584928155E-002                          -5.7476384556017637     
   1.8599999584257603E-002                          -5.7844000747001143     
   1.8629999583587051E-002                          -5.8182022879541382     
   1.8659999582916500E-002                          -5.8490278015276527     
   1.8689999582245945E-002                          -5.8768608445189008     
   1.8719999581575393E-002                          -5.9016871770293511     
   1.8749999580904841E-002                          -5.9234940974490957     
   1.8779999580234290E-002                          -5.9422704489551670     
   1.8809999579563738E-002                          -5.9580066252195163     
   1.8839999578893186E-002                          -5.9706945753239529     
   1.8869999578222631E-002                          -5.9803278078789974     
   1.8899999577552080E-002                          -5.9869013943450087     
   1.8929999576881528E-002                          -5.9904119715538817     
   1.8959999576210976E-002                          -5.9908577434295474     
   1.8989999575540425E-002                          -5.9882384819068628     
   1.9019999574869873E-002                          -5.9825555270483397     
   1.9049999574199318E-002                          -5.9738117863586151     
   1.9079999573528766E-002                          -5.9620117332967295     
   1.9109999572858215E-002                          -5.9471614049877290     
   1.9139999572187663E-002                          -5.9292683991336421     
   1.9169999571517111E-002                          -5.9083418701265531     
   1.9199999570846560E-002                          -5.8843925243649293     
   1.9229999570176005E-002                          -5.8574326147760916     
   1.9259999569505453E-002                          -5.8274759345473655     
   1.9289999568834901E-002                          -5.7945378100693858     
   1.9319999568164350E-002                          -5.7586350930945596     
   1.9349999567493798E-002                          -5.7197861521155424     
   1.9379999566823243E-002                          -5.6780108629676267     
   1.9409999566152691E-002                          -5.6333305986597377     
   1.9439999565482140E-002                          -5.5857682184398758     
   1.9469999564811588E-002                          -5.5353480560996129     
   1.9499999564141036E-002                          -5.4820959075246636     
   1.9529999563470485E-002                          -5.4260390174971018     
   1.9559999562799930E-002                          -5.3672060657565765     
   1.9589999562129378E-002                          -5.3056271523270455     
   1.9619999561458826E-002                          -5.2413337821173069     
   1.9649999560788275E-002                          -5.1743588488022159     
   1.9679999560117723E-002                          -5.1047366179938800     
   1.9709999559447171E-002                          -5.0325027097106236     
   1.9739999558776616E-002                          -4.9576940801531686     
   1.9769999558106065E-002                          -4.8803490027971641     
   1.9799999557435513E-002                          -4.8005070488118564     
   1.9829999556764961E-002                          -4.7182090668145804     
   1.9859999556094410E-002                          -4.6334971619719196     
   1.9889999555423855E-002                          -4.5464146744579965     
   1.9919999554753303E-002                          -4.4570061572807003     
   1.9949999554082751E-002                          -4.3653173534877512     
   1.9979999553412200E-002                          -4.2713951727634969     
   2.0009999552741648E-002                          -4.1752876674291937     
   2.0039999552071096E-002                          -4.0770440078584667     
   2.0069999551400541E-002                          -3.9767144573208824     
   2.0099999550729990E-002                          -3.8743503462663216     
   2.0129999550059438E-002                          -3.7700040460634514     
   2.0159999549388886E-002                          -3.6637289422054158     
   2.0189999548718335E-002                          -3.5555794069969200     
   2.0219999548047783E-002                          -3.4456107717363689     
   2.0249999547377228E-002                          -3.3338792984072971     
   2.0279999546706676E-002                          -3.2204421508937582     
   2.0309999546036125E-002                          -3.1053573657342097     
   2.0339999545365573E-002                          -2.9886838224289405     
   2.0369999544695021E-002                          -2.8704812133161965     
   2.0399999544024466E-002                          -2.7508100130325461     
   2.0429999543353915E-002                          -2.6297314475728735     
   2.0459999542683363E-002                          -2.5073074629661209     
   2.0489999542012811E-002                          -2.3836006935824474     
   2.0519999541342260E-002                          -2.2586744300884094     
   2.0549999540671708E-002                          -2.1325925870662399     
   2.0579999540001153E-002                          -2.0054196703139948     
   2.0609999539330601E-002                          -1.8772207438431854     
   2.0639999538660050E-002                          -1.7480613965908538     
   2.0669999537989498E-002                          -1.6180077088630194     
   2.0699999537318946E-002                          -1.4871262185267993     
   2.0729999536648395E-002                          -1.3554838869684098     
   2.0759999535977840E-002                          -1.2231480648344726     
   2.0789999535307288E-002                          -1.0901864575741962     
   2.0819999534636736E-002                         -0.95666709080000123     
   2.0849999533966185E-002                         -0.82265827548438419     
   2.0879999533295633E-002                         -0.68822857301073570     
   2.0909999532625078E-002                         -0.55344676009608551     
   2.0939999531954526E-002                         -0.41838179360368311     
   2.0969999531283975E-002                         -0.28310277526334726     
   2.0999999530613423E-002                         -0.14767891631778904     
   2.1029999529942871E-002                          -1.2179502112842772E-002
   2.1059999529272320E-002                          0.12332614335018949     
   2.1089999528601765E-002                          0.25876869288197313     
   2.1119999527931213E-002                          0.39407885157422318     
   2.1149999527260661E-002                          0.52918739225226930     
   2.1179999526590110E-002                          0.66402519089291689     
   2.1209999525919558E-002                          0.79852326198959289     
   2.1239999525249006E-002                          0.93261279384662044     
   2.1269999524578451E-002                           1.0662251837845307     
   2.1299999523907900E-002                           1.1992920732384449     
   2.1329999523237348E-002                           1.3317453827316572     
   2.1359999522566796E-002                           1.4635173467062335     
   2.1389999521896245E-002                           1.5945405481932360     
   2.1419999521225690E-002                           1.7247479533044132     
   2.1449999520555138E-002                           1.8540729455279525     
   2.1479999519884586E-002                           1.9824493598108541     
   2.1509999519214035E-002                           2.1098115164100415     
   2.1539999518543483E-002                           2.2360942544953932     
   2.1569999517872931E-002                           2.3612329654871869     
   2.1599999517202376E-002                           2.4851636261111731     
   2.1629999516531825E-002                           2.6078228311538725     
   2.1659999515861273E-002                           2.7291478259020447     
   2.1689999515190721E-002                           2.8490765382489971     
   2.1719999514520170E-002                           2.9675476104518874     
   2.1749999513849618E-002                           3.0845004305234731     
   2.1779999513179063E-002                           3.1998751632423121     
   2.1809999512508511E-002                           3.3136127807656139     
   2.1839999511837960E-002                           3.4256550928289902     
   2.1869999511167408E-002                           3.5359447765175429     
   2.1899999510496856E-002                           3.6444254055934024     
   2.1929999509826305E-002                           3.7510414793644378     
   2.1959999509155750E-002                           3.8557384510793815     
   2.1989999508485198E-002                           3.9584627558351029     
   2.2019999507814646E-002                           4.0591618379812173     
   2.2049999507144095E-002                           4.1577841780086944     
   2.2079999506473543E-002                           4.2542793189080266     
   2.2109999505802988E-002                           4.3485978919840482     
   2.2139999505132436E-002                           4.4406916421138147     
   2.2169999504461885E-002                           4.5305134524350263     
   2.2199999503791333E-002                           4.6180173684515511     
   2.2229999503120781E-002                           4.7031586215449162     
   2.2259999502450230E-002                           4.7858936518785278     
   2.2289999501779675E-002                           4.8661801306837660     
   2.2319999501109123E-002                           4.9439769819161024     
   2.2349999500438571E-002                           5.0192444032706041     
   2.2379999499768020E-002                           5.0919438865452182     
   2.2409999499097468E-002                           5.1620382373424043     
   2.2439999498426916E-002                           5.2294915940985938     
   2.2469999497756361E-002                           5.2942694464314242     
   2.2499999497085810E-002                           5.3563386527959196     
   2.2529999496415258E-002                           5.4156674574405583     
   2.2559999495744706E-002                           5.4722255066537961     
   2.2589999495074155E-002                           5.5259838642937016     
   2.2619999494403600E-002                           5.5769150265922205     
   2.2649999493733048E-002                           5.6249929362266702     
   2.2679999493062496E-002                           5.6701929956511563     
   2.2709999492391945E-002                           5.7124920796809731     
   2.2739999491721393E-002                           5.7518685473239763     
   2.2769999491050841E-002                           5.7883022528525148     
   2.2799999490380286E-002                           5.8217745561102925     
   2.2829999489709735E-002                           5.8522683320492188     
   2.2859999489039183E-002                           5.8797679794906488     
   2.2889999488368631E-002                           5.9042594291074444     
   2.2919999487698080E-002                           5.9257301506219049     
   2.2949999487027528E-002                           5.9441691592165906     
   2.2979999486356973E-002                           5.9595670211543403     
   2.3009999485686421E-002                           5.9719158586047474     
   2.3039999485015870E-002                           5.9812093536746609     
   2.3069999484345318E-002                           5.9874427516405451     
   2.3099999483674766E-002                           5.9906128633809308     
   2.3129999483004211E-002                           5.9907180670081210     
   2.3159999482333660E-002                           5.9877583086979156     
   2.3189999481663108E-002                           5.9817351027174075     
   2.3219999480992556E-002                           5.9726515306499106     
   2.3249999480322005E-002                           5.9605122398185140     
   2.3279999479651453E-002                           5.9453234409085480     
   2.3309999478980898E-002                           5.9270929047898608     
   2.3339999478310346E-002                           5.9058299585411422     
   2.3369999477639795E-002                           5.8815454806782608     
   2.3399999476969243E-002                           5.8542518955883009     
   2.3429999476298691E-002                           5.8239631671731420     
   2.3459999475628140E-002                           5.7906947917052651     
   2.3489999474957585E-002                           5.7544637898996882     
   2.3519999474287033E-002                           5.7152886982055877     
   2.3549999473616481E-002                           5.6731895593230508     
   2.3579999472945930E-002                           5.6281879119485509     
   2.3609999472275378E-002                           5.5803067797554959     
   2.3639999471604823E-002                           5.5295706596148211     
   2.3669999470934271E-002                           5.4760055090621256     
   2.3699999470263720E-002                           5.4196387330170843     
   2.3729999469593168E-002                           5.3604991697627780     
   2.3759999468922616E-002                           5.2986170761913201     
   2.3789999468252065E-002                           5.2340241123239633     
   2.3819999467581510E-002                           5.1667533251132296     
   2.3849999466910958E-002                           5.0968391315354928     
   2.3879999466240406E-002                           5.0243173009826521     
   2.3909999465569855E-002                           4.9492249369618539     
   2.3939999464899303E-002                           4.8716004581125372     
   2.3969999464228751E-002                           4.7914835785508352     
   2.3999999463558196E-002                           4.7089152875510925     
   2.4029999462887645E-002                           4.6239378285749320     
   2.4059999462217093E-002                           4.5365946776589192     
   2.4089999461546541E-002                           4.4469305211711738     
   2.4119999460875990E-002                           4.3549912329491871     
   2.4149999460205435E-002                           4.2608238508297767     
   2.4179999459534883E-002                           4.1644765525836842     
   2.4209999458864331E-002                           4.0659986312670933     
   2.4239999458193780E-002                           3.9654404700022043     
   2.4269999457523228E-002                           3.8628535162003388     
   2.4299999456852676E-002                           3.7582902552406185     
   2.4329999456182121E-002                           3.6518041836173327     
   2.4359999455511570E-002                           3.5434497815701551     
   2.4389999454841018E-002                           3.4332824852111883     
   2.4419999454170466E-002                           3.3213586581626591     
   2.4449999453499915E-002                           3.2077355627203268     
   2.4479999452829363E-002                           3.0924713305569975     
   2.4509999452158808E-002                           2.9756249329813844     
   2.4539999451488256E-002                           2.8572561507671592     
   2.4569999450817705E-002                           2.7374255435681460     
   2.4599999450147153E-002                           2.6161944189347608     
   2.4629999449476601E-002                           2.4936248009479951     
   2.4659999448806050E-002                           2.3697793984867443     
   2.4689999448135495E-002                           2.2447215731447883     
   2.4719999447464943E-002                           2.1185153068138431     
   2.4749999446794391E-002                           1.9912251689492455     
   2.4779999446123840E-002                           1.8629162835349937     
   2.4809999445453288E-002                           1.7336542957651344     
   2.4839999444782733E-002                           1.6035053384584737     
   2.4869999444112181E-002                           1.4725359982237936     
   2.4899999443441630E-002                           1.3408132813929536     
   2.4929999442771078E-002                           1.2084045797391629     
   2.4959999442100526E-002                           1.0753776359981400     
   2.4989999441429975E-002                          0.94180050920965841     
   2.5019999440759420E-002                          0.80774153989729225     
   2.5049999440088868E-002                          0.67326931510415000     
   2.5079999439418316E-002                          0.53845263330246618     
   2.5109999438747765E-002                          0.40336046919504420     
   2.5139999438077213E-002                          0.26806193842651937     
   2.5169999437406661E-002                          0.13262626222251048     
   2.5199999436736106E-002                          -2.8772680252146521E-003
   2.5229999436065555E-002                         -0.13837932620949550     
   2.5259999435395003E-002                         -0.27381058697634764     
   2.5289999434724451E-002                         -0.40910176119302283     
   2.5319999434053900E-002                         -0.54418363139762405     
   2.5349999433383345E-002                         -0.67898708721208911     
   2.5379999432712793E-002                         -0.81344316070025702     
   2.5409999432042241E-002                         -0.94748306165321849     
   2.5439999431371690E-002                          -1.0810382127835885     
   2.5469999430701138E-002                          -1.2140402848109322     
   2.5499999430030586E-002                          -1.3464212314203015     
   2.5529999429360031E-002                          -1.4781133240759603     
   2.5559999428689480E-002                          -1.6090491866725922     
   2.5589999428018928E-002                          -1.7391618300061653     
   2.5619999427348376E-002                          -1.8683846860467761     
   2.5649999426677825E-002                          -1.9966516419961262     
   2.5679999426007273E-002                          -2.1238970741120466     
   2.5709999425336718E-002                          -2.2500558812827913     
   2.5739999424666166E-002                          -2.3750635183340552     
   2.5769999423995615E-002                          -2.4988560290513648     
   2.5799999423325063E-002                          -2.6213700789013701     
   2.5829999422654511E-002                          -2.7425429874348333     
   2.5859999421983956E-002                          -2.8623127603551852     
   2.5889999421313405E-002                          -2.9806181212358860     
   2.5919999420642853E-002                          -3.0973985428707493     
   2.5949999419972301E-002                          -3.2125942782405215     
   2.5979999419301750E-002                          -3.3261463910808091     
   2.6009999418631198E-002                          -3.4379967860347778     
   2.6039999417960643E-002                          -3.5480882383758665     
   2.6069999417290091E-002                          -3.6563644232849768     
   2.6099999416619540E-002                          -3.7627699446674727     
   2.6129999415948988E-002                          -3.8672503634945952     
   2.6159999415278436E-002                          -3.9697522256555868     
   2.6189999414607885E-002                          -4.0702230893058875     
   2.6219999413937330E-002                          -4.1686115516971887     
   2.6249999413266778E-002                          -4.2648672754760435     
   2.6279999412596226E-002                          -4.3589410144376117     
   2.6309999411925675E-002                          -4.4507846387206431     
   2.6339999411255123E-002                          -4.5403511594317205     
   2.6369999410584568E-002                          -4.6275947526856323     
   2.6399999409914016E-002                          -4.7124707830497785     
   2.6429999409243465E-002                          -4.7949358263804820     
   2.6459999408572913E-002                          -4.8749476920394557     
   2.6489999407902361E-002                          -4.9524654444793876     
   2.6519999407231810E-002                          -5.0274494241873269     
   2.6549999406561255E-002                          -5.0998612679751698     
   2.6579999405890703E-002                          -5.1696639286071520     
   2.6609999405220151E-002                          -5.2368216937536731     
   2.6639999404549600E-002                          -5.3013002042625841     
   2.6669999403879048E-002                          -5.3630664717377670     
   2.6699999403208496E-002                          -5.4220888954167101     
   2.6729999402537941E-002                          -5.4783372783380253     
   2.6759999401867390E-002                          -5.5317828427907667     
   2.6789999401196838E-002                          -5.5823982450377025     
   2.6819999400526286E-002                          -5.6301575893048810     
   2.6849999399855735E-002                          -5.6750364410302341     
   2.6879999399185180E-002                          -5.7170118393648481     
   2.6909999398514628E-002                          -5.7560623089200886     
   2.6939999397844076E-002                          -5.7921678707550637     
   2.6969999397173525E-002                          -5.8253100525978772     
   2.6999999396502973E-002                          -5.8554718982965319     
   2.7029999395832421E-002                          -5.8826379764941326     
   2.7059999395161866E-002                          -5.9067943885236298     
   2.7089999394491315E-002                          -5.9279287755186756     
   2.7119999393820763E-002                          -5.9460303247369044     
   2.7149999393150211E-002                          -5.9610897750916010     
   2.7179999392479660E-002                          -5.9730994218899722     
   2.7209999391809108E-002                          -5.9820531207750136     
   2.7239999391138553E-002                          -5.9879462908691918     
   2.7269999390468001E-002                          -5.9907759171178201     
   2.7299999389797450E-002                          -5.9905405518319883     
   2.7329999389126898E-002                          -5.9872403154288945     
   2.7359999388456346E-002                          -5.9808768963703809     
   2.7389999387785795E-002                          -5.9714535502990200     
   2.7419999387115240E-002                          -5.9589750983726866     
   2.7449999386444688E-002                          -5.9434479247976304     
   2.7479999385774136E-002                          -5.9248799735625468     
   2.7509999385103585E-002                          -5.9032807443739808     
   2.7539999384433033E-002                          -5.8786612877962385     
   2.7569999383762478E-002                          -5.8510341995976969     
   2.7599999383091926E-002                          -5.8204136143065801     
   2.7629999382421375E-002                          -5.7868151979795215     
   2.7659999381750823E-002                          -5.7502561401865329     
   2.7689999381080271E-002                          -5.7107551452163570     
   2.7719999380409720E-002                          -5.6683324225070981     
   2.7749999379739165E-002                          -5.6230096763067046     
   2.7779999379068613E-002                          -5.5748100945686145     
   2.7809999378398061E-002                          -5.5237583370885783     
   2.7839999377727510E-002                          -5.4698805228879737     
   2.7869999377056958E-002                          -5.4132042168510628     
   2.7899999376386406E-002                          -5.3537584156220994     
   2.7929999375715851E-002                          -5.2915735327702071     
   2.7959999375045300E-002                          -5.2266813832291721     
   2.7989999374374748E-002                          -5.1591151670205440     
   2.8019999373704196E-002                          -5.0889094522675755     
   2.8049999373033645E-002                          -5.0161001575098325     
   2.8079999372363090E-002                          -4.9407245333263852     
   2.8109999371692538E-002                          -4.8628211432777517     
   2.8139999371021986E-002                          -4.7824298441762689     
   2.8169999370351435E-002                          -4.6995917656943718     
   2.8199999369680883E-002                          -4.6143492893219875     
   2.8229999369010331E-002                          -4.5267460266833526     
   2.8259999368339776E-002                          -4.4368267972246436     
   2.8289999367669225E-002                          -4.3446376052832933     
   2.8319999366998673E-002                          -4.2502256165515568     
   2.8349999366328121E-002                          -4.1536391339454637     
   2.8379999365657570E-002                          -4.0549275728922627     
   2.8409999364987018E-002                          -3.9541414360485523     
   2.8439999364316463E-002                          -3.8513322874621889     
   2.8469999363645911E-002                          -3.7465527261912164     
   2.8499999362975360E-002                          -3.6398563593931983     
   2.8529999362304808E-002                          -3.5312977748987402     
   2.8559999361634256E-002                          -3.4209325132833865     
   2.8589999360963701E-002                          -3.3088170394520531     
   2.8619999360293150E-002                          -3.1950087137504974     
   2.8649999359622598E-002                          -3.0795657626188238     
   2.8679999358952046E-002                          -2.9625472488016049     
   2.8709999358281495E-002                          -2.8440130411304243     
   2.8739999357610943E-002                          -2.7240237838937666     
   2.8769999356940388E-002                          -2.6026408658103448     
   2.8799999356269836E-002                          -2.4799263886214638     
   2.8829999355599285E-002                          -2.3559431353187006     
   2.8859999354928733E-002                          -2.2307545380228517     
   2.8889999354258181E-002                          -2.1044246455309992     
   2.8919999353587630E-002                          -1.9770180905478771     
   2.8949999352917075E-002                          -1.8486000566186367     
   2.8979999352246523E-002                          -1.7192362447797076     
   2.9009999351575971E-002                          -1.5889928399449906     
   2.9039999350905420E-002                          -1.4579364770443737     
   2.9069999350234868E-002                          -1.3261342069320945     
   2.9099999349564313E-002                          -1.1936534620823065     
   2.9129999348893761E-002                          -1.0605620220893421     
   2.9159999348223210E-002                         -0.92692797899045587     
   2.9189999347552658E-002                         -0.79281970242865440     
   2.9219999346882106E-002                         -0.65830580467354982     
   2.9249999346211555E-002                         -0.52345510551803276     
   2.9279999345541000E-002                         -0.38833659706880808     
   2.9309999344870448E-002                         -0.25301940844876958     
   2.9339999344199896E-002                         -0.11757277042923703     
   2.9369999343529345E-002                           1.7934019989763045E-002
   2.9399999342858793E-002                          0.15343163503311621     
   2.9429999342188241E-002                          0.28885075162001239     
   2.9459999341517686E-002                          0.42412208683087871     
   2.9489999340847135E-002                          0.55917643335385403     
   2.9519999340176583E-002                          0.69394469489246435     
   2.9549999339506031E-002                          0.82835792151663001     
   2.9579999338835480E-002                          0.96234734493865959     
   2.9609999338164928E-002                           1.0958444136964025     
   2.9639999337494373E-002                           1.2287808282254418     
   2.9669999336823821E-002                           1.3610885758024087     
   2.9699999336153270E-002                           1.4926999653415605     
   2.9729999335482718E-002                           1.6235476620268117     
   2.9759999334812166E-002                           1.7535647217613985     
   2.9789999334141611E-002                           1.8826846254177529     
   2.9819999333471060E-002                           2.0108413128698808     
   2.9849999332800508E-002                           2.1379692167910722     
   2.9879999332129956E-002                           2.2640032961991832     
   2.9909999331459405E-002                           2.3888790697328850     
   2.9939999330788853E-002                           2.5125326486415731     
   2.9969999330118298E-002                           2.6349007694719160     
   2.9999999329447746E-002                           2.7559208264346271     
