   0.0000000000000000                                0.0000000000000000     
   2.9999999329447747E-005                           3.5435940400822141E-004
   5.9999998658895494E-005                           1.1206353584658425E-003
   8.9999997988343241E-005                           2.0210732862019779E-003
   1.1999999731779099E-004                           2.9135584903665222E-003
   1.4999999664723875E-004                           3.7312221455078616E-003
   1.7999999597668648E-004                           4.4480005339700068E-003
   2.0999999530613422E-004                           5.0591595841767050E-003
   2.3999999463558198E-004                           5.5704187017858436E-003
   2.6999999396502974E-004                           5.9919912293483315E-003
   2.9999999329447750E-004                           6.3354156959074563E-003
   3.2999999262392520E-004                           6.6119544148024673E-003
   3.5999999195337296E-004                           6.8318583646351447E-003
   3.8999999128282073E-004                           7.0040991194504042E-003
   4.1999999061226843E-004                           7.1363425354145065E-003
   4.4999998994171619E-004                           7.2350387667644003E-003
   4.7999998927116395E-004                           7.3055602127490571E-003
   5.0999998860061166E-004                           7.3523513112117014E-003
   5.3999998793005947E-004                           7.3790721949731448E-003
   5.6999998725950718E-004                           7.3887281915001523E-003
   5.9999998658895499E-004                           7.3837824843667023E-003
   6.2999998591840270E-004                           7.3662519881685642E-003
   6.5999998524785041E-004                           7.3377877763582218E-003
   6.8999998457729822E-004                           7.2997419052239091E-003
   7.1999998390674593E-004                           7.2532225709376263E-003
   7.4999998323619364E-004                           7.1991394291400839E-003
   7.7999998256564145E-004                           7.1382407124128463E-003
   8.0999998189508916E-004                           7.0711435611171252E-003
   8.3999998122453686E-004                           6.9983587682610126E-003
   8.6999998055398468E-004                           6.9203109434573910E-003
   8.9999997988343238E-004                           6.8373549298429712E-003
   9.2999997921288020E-004                           6.7497891615856042E-003
   9.5999997854232791E-004                           6.6578665266131846E-003
   9.8999997787177561E-004                           6.5618031968286165E-003
   1.0199999772012233E-003                           6.4617858034751174E-003
   1.0499999765306712E-003                           6.3579772657424262E-003
   1.0799999758601189E-003                           6.2505215236839029E-003
   1.1099999751895667E-003                           6.1395473798945867E-003
   1.1399999745190144E-003                           6.0251716163487344E-003
   1.1699999738484621E-003                           5.9075015217748992E-003
   1.1999999731779100E-003                           5.7866369396797762E-003
   1.2299999725073577E-003                           5.6626719265642301E-003
   1.2599999718368054E-003                           5.5356960931395782E-003
   1.2899999711662531E-003                           5.4057956877394198E-003
   1.3199999704957008E-003                           5.2730544700519818E-003
   1.3499999698251485E-003                           5.1375544142966325E-003
   1.3799999691545964E-003                           4.9993762736500903E-003
   1.4099999684840442E-003                           4.8586000317786355E-003
   1.4399999678134919E-003                           4.7153052624965778E-003
   1.4699999671429396E-003                           4.5695714146402142E-003
   1.4999999664723873E-003                           4.4214780360512466E-003
   1.5299999658018352E-003                           4.2711049479665225E-003
   1.5599999651312829E-003                           4.1185323790000070E-003
   1.5899999644607306E-003                           3.9638410661871912E-003
   1.6199999637901783E-003                           3.8071123291676325E-003
   1.6499999631196260E-003                           3.6484281224479424E-003
   1.6799999624490737E-003                           3.4878710697663824E-003
   1.7099999617785216E-003                           3.3255244838315385E-003
   1.7399999611079694E-003                           3.1614723740990961E-003
   1.7699999604374171E-003                           2.9957994447562097E-003
   1.7999999597668648E-003                           2.8285910846810635E-003
   1.8299999590963125E-003                           2.6599333508185970E-003
   1.8599999584257604E-003                           2.4899129461479234E-003
   1.8899999577552081E-003                           2.3186171932012465E-003
   1.9199999570846558E-003                           2.1461340039187859E-003
   1.9499999564141035E-003                           1.9725518464817461E-003
   1.9799999557435512E-003                           1.7979597096496067E-003
   2.0099999550729991E-003                           1.6224470650339324E-003
   2.0399999544024466E-003                           1.4461038276644630E-003
   2.0699999537318946E-003                           1.2690203151411196E-003
   2.0999999530613425E-003                           1.0912872056150964E-003
   2.1299999523907900E-003                           9.1299549480118982E-004
   2.1599999517202379E-003                           7.3423645219019358E-004
   2.1899999510496854E-003                           5.5510157660310403E-004
   2.2199999503791333E-003                           3.7568255120687822E-004
   2.2499999497085812E-003                           1.9607119809359789E-004
   2.2799999490380287E-003                           1.6359432510359962E-005
   2.3099999483674766E-003                          -1.6336078318460778E-004
   2.3399999476969241E-003                          -3.4299748577371595E-004
   2.3699999470263721E-003                          -5.2245875758159777E-004
   2.3999999463558200E-003                          -7.0165277297480210E-004
   2.4299999456852675E-003                          -8.8048784491307549E-004
   2.4599999450147154E-003                          -1.0588724715099424E-003
   2.4899999443441629E-003                          -1.2367153825637470E-003
   2.5199999436736108E-003                          -1.4139255860231455E-003
   2.5499999430030583E-003                          -1.5904124143533561E-003
   2.5799999423325062E-003                          -1.7660855707713834E-003
   2.6099999416619541E-003                          -1.9408551753200090E-003
   2.6399999409914016E-003                          -2.1146318107516490E-003
   2.6699999403208496E-003                          -2.2873265681942752E-003
   2.6999999396502970E-003                          -2.4588510925725175E-003
   2.7299999389797450E-003                          -2.6291176277578503E-003
   2.7599999383091929E-003                          -2.7980390614224366E-003
   2.7899999376386404E-003                          -2.9655289695717942E-003
   2.8199999369680883E-003                          -3.1315016607319653E-003
   2.8499999362975358E-003                          -3.2958722197673328E-003
   2.8799999356269837E-003                          -3.4585565513056511E-003
   2.9099999349564316E-003                          -3.6194714227472508E-003
   2.9399999342858791E-003                          -3.7785345068357427E-003
   2.9699999336153271E-003                          -3.9356644237678951E-003
   2.9999999329447745E-003                          -4.0907807828207002E-003
   3.0299999322742225E-003                          -4.2438042234739688E-003
   3.0599999316036704E-003                          -4.3946564560071273E-003
   3.0899999309331179E-003                          -4.5432603015491992E-003
   3.1199999302625658E-003                          -4.6895397315613041E-003
   3.1499999295920133E-003                          -4.8334199067312979E-003
   3.1799999289214612E-003                          -4.9748272152605414E-003
   3.2099999282509091E-003                          -5.1136893105231005E-003
   3.2399999275803566E-003                          -5.2499351480780262E-003
   3.2699999269098045E-003                          -5.3834950220157107E-003
   3.2999999262392520E-003                          -5.5143006006196666E-003
   3.3299999255687000E-003                          -5.6422849613254420E-003
   3.3599999248981475E-003                          -5.7673826249587442E-003
   3.3899999242275954E-003                          -5.8895295892352319E-003
   3.4199999235570433E-003                          -6.0086633615048061E-003
   3.4499999228864908E-003                          -6.1247229907236333E-003
   3.4799999222159387E-003                          -6.2376490986375188E-003
   3.5099999215453862E-003                          -6.3473839101606732E-003
   3.5399999208748341E-003                          -6.4538712829343113E-003
   3.5699999202042820E-003                          -6.5570567360499583E-003
   3.5999999195337295E-003                          -6.6568874779227563E-003
   3.6299999188631775E-003                          -6.7533124333005031E-003
   3.6599999181926249E-003                          -6.8462822693946112E-003
   3.6899999175220729E-003                          -6.9357494211195981E-003
   3.7199999168515208E-003                          -7.0216681154282061E-003
   3.7499999161809683E-003                          -7.1039943947296923E-003
   3.7799999155104162E-003                          -7.1826861393793021E-003
   3.8099999148398637E-003                          -7.2577030892274300E-003
   3.8399999141693116E-003                          -7.3290068642174267E-003
   3.8699999134987595E-003                          -7.3965609840215257E-003
   3.8999999128282070E-003                          -7.4603308867048357E-003
   3.9299999121576550E-003                          -7.5202839464078497E-003
   3.9599999114871024E-003                          -7.5763894900384285E-003
   3.9899999108165499E-003                          -7.6286188129647079E-003
   4.0199999101459983E-003                          -7.6769451937009157E-003
   4.0499999094754458E-003                          -7.7213439075785664E-003
   4.0799999088048933E-003                          -7.7617922393960568E-003
   4.1099999081343416E-003                          -7.7982694950401764E-003
   4.1399999074637891E-003                          -7.8307570120735963E-003
   4.1699999067932366E-003                          -7.8592381692829116E-003
   4.1999999061226850E-003                          -7.8836983951823623E-003
   4.2299999054521325E-003                          -7.9041251754688683E-003
   4.2599999047815799E-003                          -7.9205080594245796E-003
   4.2899999041110274E-003                          -7.9328386652636543E-003
   4.3199999034404758E-003                          -7.9411106844205354E-003
   4.3499999027699233E-003                          -7.9453198847775266E-003
   4.3799999020993708E-003                          -7.9454641128300207E-003
   4.4099999014288191E-003                          -7.9415432947882777E-003
   4.4399999007582666E-003                          -7.9335594366151674E-003
   4.4699999000877141E-003                          -7.9215166229998878E-003
   4.4999998994171625E-003                          -7.9054210152681593E-003
   4.5299998987466100E-003                          -7.8852808482299825E-003
   4.5599998980760574E-003                          -7.8611064259665481E-003
   4.5899998974055049E-003                          -7.8329101165584853E-003
   4.6199998967349533E-003                          -7.8007063457581228E-003
   4.6499998960644008E-003                          -7.7645115896090031E-003
   4.6799998953938483E-003                          -7.7243443660164387E-003
   4.7099998947232966E-003                          -7.6802252252734090E-003
   4.7399998940527441E-003                          -7.6321767395466505E-003
   4.7699998933821916E-003                          -7.5802234913283197E-003
   4.7999998927116400E-003                          -7.5243920608591358E-003
   4.8299998920410874E-003                          -7.4647110125294408E-003
   4.8599998913705349E-003                          -7.4012108802651282E-003
   4.8899998906999824E-003                          -7.3339241519059239E-003
   4.9199998900294308E-003                          -7.2628852525840077E-003
   4.9499998893588783E-003                          -7.1881305271114786E-003
   4.9799998886883258E-003                          -7.1096982213856817E-003
   5.0099998880177741E-003                          -7.0276284628218973E-003
   5.0399998873472216E-003                          -6.9419632398234170E-003
   5.0699998866766691E-003                          -6.8527463802995009E-003
   5.0999998860061166E-003                          -6.7600235292422095E-003
   5.1299998853355649E-003                          -6.6638421253735853E-003
   5.1599998846650124E-003                          -6.5642513768751241E-003
   5.1899998839944599E-003                          -6.4613022362119627E-003
   5.2199998833239083E-003                          -6.3550473740646585E-003
   5.2499998826533558E-003                          -6.2455411523818956E-003
   5.2799998819828033E-003                          -6.1328395965679081E-003
   5.3099998813122516E-003                          -6.0170003668188494E-003
   5.3399998806416991E-003                          -5.8980827286227730E-003
   5.3699998799711466E-003                          -5.7761475224383137E-003
   5.3999998793005941E-003                          -5.6512571325675861E-003
   5.4299998786300424E-003                          -5.5234754552392247E-003
   5.4599998779594899E-003                          -5.3928678659178921E-003
   5.4899998772889374E-003                          -5.2595011858569875E-003
   5.5199998766183858E-003                          -5.1234436479116584E-003
   5.5499998759478333E-003                          -4.9847648616296123E-003
   5.5799998752772808E-003                          -4.8435357776375875E-003
   5.6099998746067291E-003                          -4.6998286513417042E-003
   5.6399998739361766E-003                          -4.5537170059602623E-003
   5.6699998732656241E-003                          -4.4052755949079087E-003
   5.6999998725950716E-003                          -4.2545803635504094E-003
   5.7299998719245199E-003                          -4.1017084103495988E-003
   5.7599998712539674E-003                          -3.9467379474183830E-003
   5.7899998705834149E-003                          -3.7897482605059791E-003
   5.8199998699128633E-003                          -3.6308196684338634E-003
   5.8499998692423108E-003                          -3.4700334820031795E-003
   5.8799998685717583E-003                          -3.3074719623946316E-003
   5.9099998679012057E-003                          -3.1432182790821464E-003
   5.9399998672306541E-003                          -2.9773564672818343E-003
   5.9699998665601016E-003                          -2.8099713849580221E-003
   5.9999998658895491E-003                          -2.6411486694083532E-003
   6.0299998652189974E-003                          -2.4709746934501635E-003
   6.0599998645484449E-003                          -2.2995365212305557E-003
   6.0899998638778924E-003                          -2.1269218636827732E-003
   6.1199998632073408E-003                          -1.9532190336516695E-003
   6.1499998625367883E-003                          -1.7785169007112245E-003
   6.1799998618662358E-003                          -1.6029048456972319E-003
   6.2099998611956832E-003                          -1.4264727149784129E-003
   6.2399998605251316E-003                          -1.2493107744893561E-003
   6.2699998598545791E-003                          -1.0715096635487988E-003
   6.2999998591840266E-003                          -8.9316034848687883E-004
   6.3299998585134749E-003                          -7.1435407610508138E-004
   6.3599998578429224E-003                          -5.3518232699269056E-004
   6.3899998571723699E-003                          -3.5573676872363189E-004
   6.4199998565018183E-003                          -1.7610920895764942E-004
   6.4499998558312658E-003                           3.6084515301882899E-006
   6.4799998551607133E-003                           1.8332426586761995E-004
   6.5099998544901607E-003                           3.6294628812690873E-004
   6.5399998538196091E-003                           5.4238262036607611E-004
   6.5699998531490566E-003                           7.2154145964558583E-004
   6.5999998524785041E-003                           9.0033114499642110E-004
   6.6299998518079524E-003                           1.0786602043155289E-003
   6.6599998511373999E-003                           1.2564374011646362E-003
   6.6899998504668474E-003                           1.4335717814484958E-003
   6.7199998497962949E-003                           1.6099727199486795E-003
   6.7499998491257433E-003                           1.7855499666891137E-003
   6.7799998484551907E-003                           1.9602136931096323E-003
   6.8099998477846382E-003                           2.1338745380239266E-003
   6.8399998471140866E-003                           2.3064436533383765E-003
   6.8699998464435341E-003                           2.4778327495083769E-003
   6.8999998457729816E-003                           2.6479541407088969E-003
   6.9299998451024299E-003                           2.8167207896961665E-003
   6.9599998444318774E-003                           2.9840463523375369E-003
   6.9899998437613249E-003                           3.1498452217867340E-003
   7.0199998430907724E-003                           3.3140325722818987E-003
   7.0499998424202208E-003                           3.4765244025440145E-003
   7.0799998417496682E-003                           3.6372375787535110E-003
   7.1099998410791157E-003                           3.7960898770830610E-003
   7.1399998404085641E-003                           3.9530000257648077E-003
   7.1699998397380116E-003                           4.1078877466705008E-003
   7.1999998390674591E-003                           4.2606737963832714E-003
   7.2299998383969074E-003                           4.4112800067400227E-003
   7.2599998377263549E-003                           4.5596293248237078E-003
   7.2899998370558024E-003                           4.7056458523850242E-003
   7.3199998363852499E-003                           4.8492548846733570E-003
   7.3499998357146983E-003                           4.9903829486571101E-003
   7.3799998350441457E-003                           5.1289578406138649E-003
   7.4099998343735932E-003                           5.2649086630711375E-003
   7.4399998337030416E-003                           5.3981658610788340E-003
   7.4699998330324891E-003                           5.5286612577948452E-003
   7.4999998323619366E-003                           5.6563280893655813E-003
   7.5299998316913849E-003                           5.7811010390835874E-003
   7.5599998310208324E-003                           5.9029162708047790E-003
   7.5899998303502799E-003                           6.0217114616081925E-003
   7.6199998296797274E-003                           6.1374258336815380E-003
   7.6499998290091758E-003                           6.2500001854162547E-003
   7.6799998283386232E-003                           6.3593769216961429E-003
   7.7099998276680707E-003                           6.4655000833640907E-003
   7.7399998269975191E-003                           6.5683153758518105E-003
   7.7699998263269666E-003                           6.6677701969579430E-003
   7.7999998256564141E-003                           6.7638136637603128E-003
   7.8299998249858616E-003                           6.8563966386485722E-003
   7.8599998243153099E-003                           6.9454717544639097E-003
   7.8899998236447583E-003                           7.0309934387329624E-003
   7.9199998229742049E-003                           7.1129179369835331E-003
   7.9499998223036532E-003                           7.1912033351301877E-003
   7.9799998216330999E-003                           7.2658095809182742E-003
   8.0099998209625482E-003                           7.3366985044153957E-003
   8.0399998202919966E-003                           7.4038338375398520E-003
   8.0699998196214432E-003                           7.4671812326160599E-003
   8.0999998189508916E-003                           7.5267082799474576E-003
   8.1299998182803399E-003                           7.5823845243979046E-003
   8.1599998176097865E-003                           7.6341814809730906E-003
   8.1899998169392349E-003                           7.6820726493939846E-003
   8.2199998162686833E-003                           7.7260335276548662E-003
   8.2499998155981299E-003                           7.7660416245590056E-003
   8.2799998149275782E-003                           7.8020764712255731E-003
   8.3099998142570266E-003                           7.8341196315618970E-003
   8.3399998135864732E-003                           7.8621547116957107E-003
   8.3699998129159216E-003                           7.8861673683625570E-003
   8.3999998122453699E-003                           7.9061453162440690E-003
   8.4299998115748166E-003                           7.9220783342533654E-003
   8.4599998109042649E-003                           7.9339582707643481E-003
   8.4899998102337133E-003                           7.9417790477822221E-003
   8.5199998095631599E-003                           7.9455366640531142E-003
   8.5499998088926082E-003                           7.9452291971111814E-003
   8.5799998082220549E-003                           7.9408568042621877E-003
   8.6099998075515032E-003                           7.9324217225030195E-003
   8.6399998068809516E-003                           7.9199282673771947E-003
   8.6699998062103982E-003                           7.9033828307669540E-003
   8.6999998055398466E-003                           7.8827938776230583E-003
   8.7299998048692949E-003                           7.8581719416339572E-003
   8.7599998041987415E-003                           7.8295296198365640E-003
   8.7899998035281899E-003                           7.7968815661713800E-003
   8.8199998028576383E-003                           7.7602444839852637E-003
   8.8499998021870849E-003                           7.7196371174856945E-003
   8.8799998015165332E-003                           7.6750802421508878E-003
   8.9099998008459816E-003                           7.6265966541006775E-003
   8.9399998001754282E-003                           7.5742111584336004E-003
   8.9699997995048766E-003                           7.5179505565361494E-003
   8.9999997988343249E-003                           7.4578436323706919E-003
   9.0299997981637715E-003                           7.3939211377490590E-003
   9.0599997974932199E-003                           7.3262157765993556E-003
   9.0899997968226665E-003                           7.2547621882340235E-003
   9.1199997961521149E-003                           7.1795969296277323E-003
   9.1499997954815632E-003                           7.1007584567141548E-003
   9.1799997948110099E-003                           7.0182871047112013E-003
   9.2099997941404582E-003                           6.9322250674847801E-003
   9.2399997934699066E-003                           6.8426163759616344E-003
   9.2699997927993532E-003                           6.7495068756023074E-003
   9.2999997921288016E-003                           6.6529442029457609E-003
   9.3299997914582499E-003                           6.5529777612376413E-003
   9.3599997907876965E-003                           6.4496586951546661E-003
   9.3899997901171449E-003                           6.3430398646380642E-003
   9.4199997894465932E-003                           6.2331758178494553E-003
   9.4499997887760399E-003                           6.1201227632630027E-003
   9.4799997881054882E-003                           6.0039385409081207E-003
   9.5099997874349366E-003                           5.8846825927774465E-003
   9.5399997867643832E-003                           5.7624159324152222E-003
   9.5699997860938316E-003                           5.6372011137016372E-003
   9.5999997854232799E-003                           5.5091021988491100E-003
   9.6299997847527265E-003                           5.3781847256268766E-003
   9.6599997840821749E-003                           5.2445156738306596E-003
   9.6899997834116215E-003                           5.1081634310145676E-003
   9.7199997827410699E-003                           4.9691977575027592E-003
   9.7499997820705182E-003                           4.8276897506987744E-003
   9.7799997813999649E-003                           4.6837118087107920E-003
   9.8099997807294132E-003                           4.5373375933114198E-003
   9.8399997800588616E-003                           4.3886419922509719E-003
   9.8699997793883082E-003                           4.2377010809435140E-003
   9.8999997787177565E-003                           4.0845920835452772E-003
   9.9299997780472049E-003                           3.9293933334453544E-003
   9.9599997773766515E-003                           3.7721842331888918E-003
   9.9899997767060999E-003                           3.6130452138532828E-003
   1.0019999776035548E-002                           3.4520576938981426E-003
   1.0049999775364995E-002                           3.2893040375101225E-003
   1.0079999774694443E-002                           3.1248675124638720E-003
   1.0109999774023892E-002                           2.9588322475207077E-003
   1.0139999773353338E-002                           2.7912831893867856E-003
   1.0169999772682787E-002                           2.6223060592527997E-003
   1.0199999772012233E-002                           2.4519873089374382E-003
   1.0229999771341682E-002                           2.2804140766570372E-003
   1.0259999770671130E-002                           2.1076741424440604E-003
   1.0289999770000577E-002                           1.9338558832372140E-003
   1.0319999769330025E-002                           1.7590482276661759E-003
   1.0349999768659473E-002                           1.5833406105540647E-003
   1.0379999767988920E-002                           1.4068229271609347E-003
   1.0409999767318368E-002                           1.2295854871917022E-003
   1.0439999766647817E-002                           1.0517189685920320E-003
   1.0469999765977263E-002                           8.7331437115582757E-004
   1.0499999765306712E-002                           6.9446296996805712E-004
   1.0529999764636160E-002                           5.1525626870673532E-004
   1.0559999763965607E-002                           3.3578595282795164E-004
   1.0589999763295055E-002                           1.5614384265790035E-004
   1.0619999762624503E-002                          -2.3578153584094346E-005
   1.0649999761953950E-002                          -2.0328808680751979E-004
   1.0679999761283398E-002                          -3.8289401409352561E-004
   1.0709999760612845E-002                          -5.6230404573461815E-004
   1.0739999759942293E-002                          -7.4142639224713234E-004
   1.0769999759271742E-002                          -9.2016941133242524E-004
   1.0799999758601188E-002                          -1.0984416547627669E-003
   1.0829999757930637E-002                          -1.2761519151679409E-003
   1.0859999757260085E-002                          -1.4532092726986202E-003
   1.0889999756589532E-002                          -1.6295231415426397E-003
   1.0919999755918980E-002                          -1.8050033162703683E-003
   1.0949999755248428E-002                          -1.9795600179854738E-003
   1.0979999754577875E-002                          -2.1531039402574621E-003
   1.1009999753907323E-002                          -2.3255462948124951E-003
   1.1039999753236772E-002                          -2.4967988569591110E-003
   1.1069999752566218E-002                          -2.6667740107256064E-003
   1.1099999751895667E-002                          -2.8353847936859813E-003
   1.1129999751225115E-002                          -3.0025449414515233E-003
   1.1159999750554562E-002                          -3.1681689318052617E-003
   1.1189999749884010E-002                          -3.3321720284567109E-003
   1.1219999749213458E-002                          -3.4944703243945212E-003
   1.1249999748542905E-002                          -3.6549807848148545E-003
   1.1279999747872353E-002                          -3.8136212896035236E-003
   1.1309999747201800E-002                          -3.9703106753501555E-003
   1.1339999746531248E-002                          -4.1249687768728938E-003
   1.1369999745860697E-002                          -4.2775164682323829E-003
   1.1399999745190143E-002                          -4.4278757032140594E-003
   1.1429999744519592E-002                          -4.5759695552580375E-003
   1.1459999743849040E-002                          -4.7217222568161545E-003
   1.1489999743178487E-002                          -4.8650592381160500E-003
   1.1519999742507935E-002                          -5.0059071653124343E-003
   1.1549999741837383E-002                          -5.1441939780060399E-003
   1.1579999741166830E-002                          -5.2798489261110509E-003
   1.1609999740496278E-002                          -5.4128026060521533E-003
   1.1639999739825727E-002                          -5.5429869962726830E-003
   1.1669999739155173E-002                          -5.6703354920357128E-003
   1.1699999738484622E-002                          -5.7947829395002641E-003
   1.1729999737814070E-002                          -5.9162656690552136E-003
   1.1759999737143517E-002                          -6.0347215278938413E-003
   1.1789999736472965E-002                          -6.1500899118123549E-003
   1.1819999735802411E-002                          -6.2623117962161195E-003
   1.1849999735131860E-002                          -6.3713297663177274E-003
   1.1879999734461308E-002                          -6.4770880465114655E-003
   1.1909999733790755E-002                          -6.5795325289091438E-003
   1.1939999733120203E-002                          -6.6786108010226889E-003
   1.1969999732449652E-002                          -6.7742721725793402E-003
   1.1999999731779098E-002                          -6.8664677014557314E-003
   1.2029999731108547E-002                          -6.9551502187175807E-003
   1.2059999730437995E-002                          -7.0402743527521912E-003
   1.2089999729767441E-002                          -7.1217965524814041E-003
   1.2119999729096890E-002                          -7.1996751096431348E-003
   1.2149999728426338E-002                          -7.2738701801300879E-003
   1.2179999727755785E-002                          -7.3443438043747401E-003
   1.2209999727085233E-002                          -7.4110599267701539E-003
   1.2239999726414682E-002                          -7.4739844141166927E-003
   1.2269999725744128E-002                          -7.5330850730851951E-003
   1.2299999725073577E-002                          -7.5883316666876775E-003
   1.2329999724403025E-002                          -7.6396959297471336E-003
   1.2359999723732472E-002                          -7.6871515833585209E-003
   1.2389999723061920E-002                          -7.7306743483335355E-003
   1.2419999722391366E-002                          -7.7702419576222894E-003
   1.2449999721720815E-002                          -7.8058341677055484E-003
   1.2479999721050263E-002                          -7.8374327689516871E-003
   1.2509999720379710E-002                          -7.8650215949330731E-003
   1.2539999719709158E-002                          -7.8885865306971125E-003
   1.2569999719038607E-002                          -7.9081155199877146E-003
   1.2599999718368053E-002                          -7.9235985714135020E-003
   1.2629999717697502E-002                          -7.9350277635595844E-003
   1.2659999717026950E-002                          -7.9423972490403043E-003
   1.2689999716356396E-002                          -7.9457032574908673E-003
   1.2719999715685845E-002                          -7.9449440974963294E-003
   1.2749999715015293E-002                          -7.9401201574569556E-003
   1.2779999714344740E-002                          -7.9312339053895075E-003
   1.2809999713674188E-002                          -7.9182898876645636E-003
   1.2839999713003637E-002                          -7.9012947266805054E-003
   1.2869999712333083E-002                          -7.8802571174753835E-003
   1.2899999711662532E-002                          -7.8551878232783704E-003
   1.2929999710991978E-002                          -7.8260996700030960E-003
   1.2959999710321427E-002                          -7.7930075396856731E-003
   1.2989999709650875E-002                          -7.7559283628707738E-003
   1.3019999708980321E-002                          -7.7148811099496490E-003
   1.3049999708309770E-002                          -7.6698867814545268E-003
   1.3079999707639218E-002                          -7.6209683973143521E-003
   1.3109999706968665E-002                          -7.5681509850773661E-003
   1.3139999706298113E-002                          -7.5114615671065523E-003
   1.3169999705627562E-002                          -7.4509291467544951E-003
   1.3199999704957008E-002                          -7.3865846935247288E-003
   1.3229999704286457E-002                          -7.3184611272271698E-003
   1.3259999703615905E-002                          -7.2465933011357335E-003
   1.3289999702945351E-002                          -7.1710179841567552E-003
   1.3319999702274800E-002                          -7.0917738420173404E-003
   1.3349999701604248E-002                          -7.0089014174832629E-003
   1.3379999700933695E-002                          -6.9224431096165401E-003
   1.3409999700263143E-002                          -6.8324431520832892E-003
   1.3439999699592590E-002                          -6.7389475905229677E-003
   1.3469999698922038E-002                          -6.6420042589905720E-003
   1.3499999698251487E-002                          -6.5416627554838553E-003
   1.3529999697580933E-002                          -6.4379744165680743E-003
   1.3559999696910381E-002                          -6.3309922911112555E-003
   1.3589999696239830E-002                          -6.2207711131434156E-003
   1.3619999695569276E-002                          -6.1073672738536202E-003
   1.3649999694898725E-002                          -5.9908387927392129E-003
   1.3679999694228173E-002                          -5.8712452879219664E-003
   1.3709999693557620E-002                          -5.7486479456463537E-003
   1.3739999692887068E-002                          -5.6231094889755365E-003
   1.3769999692216517E-002                          -5.4946941457010845E-003
   1.3799999691545963E-002                          -5.3634676154828542E-003
   1.3829999690875412E-002                          -5.2294970362358325E-003
   1.3859999690204860E-002                          -5.0928509497811369E-003
   1.3889999689534306E-002                          -4.9535992667787548E-003
   1.3919999688863755E-002                          -4.8118132309599619E-003
   1.3949999688193203E-002                          -4.6675653826777127E-003
   1.3979999687522650E-002                          -4.5209295217936559E-003
   1.4009999686852098E-002                          -4.3719806699207657E-003
   1.4039999686181545E-002                          -4.2207950320408971E-003
   1.4069999685510993E-002                          -4.0674499575169137E-003
   1.4099999684840442E-002                          -3.9120239005193229E-003
   1.4129999684169888E-002                          -3.7545963798876749E-003
   1.4159999683499336E-002                          -3.5952479384472589E-003
   1.4189999682828785E-002                          -3.4340601018019046E-003
   1.4219999682158231E-002                          -3.2711153366239793E-003
   1.4249999681487680E-002                          -3.1064970084629167E-003
   1.4279999680817128E-002                          -2.9402893390938624E-003
   1.4309999680146575E-002                          -2.7725773634282584E-003
   1.4339999679476023E-002                          -2.6034468860084161E-003
   1.4369999678805472E-002                          -2.4329844371083248E-003
   1.4399999678134918E-002                          -2.2612772284631684E-003
   1.4429999677464367E-002                          -2.0884131086501916E-003
   1.4459999676793815E-002                          -1.9144805181437474E-003
   1.4489999676123261E-002                          -1.7395684440675155E-003
   1.4519999675452710E-002                          -1.5637663746670496E-003
   1.4549999674782156E-002                          -1.3871642535259385E-003
   1.4579999674111605E-002                          -1.2098524335490090E-003
   1.4609999673441053E-002                          -1.0319216307361101E-003
   1.4639999672770500E-002                          -8.5346287777013526E-004
   1.4669999672099948E-002                          -6.7456747744302169E-004
   1.4699999671429397E-002                          -4.9532695594355536E-004
   1.4729999670758843E-002                          -3.1583301603088350E-004
   1.4759999670088291E-002                          -1.3617749011769265E-004
   1.4789999669417740E-002                           4.3547706712950945E-005
   1.4819999668747186E-002                           2.2325062373305482E-004
   1.4849999668076635E-002                           4.0283932161338750E-004
   1.4879999667406083E-002                           5.8222191946133764E-004
   1.4909999666735530E-002                           7.6130664182887543E-004
   1.4939999666064978E-002                           9.4000186566656435E-004
   1.4969999665394427E-002                           1.1182161671996044E-003
   1.4999999664723873E-002                           1.2958583687019249E-003
   1.5029999664053321E-002                           1.4728375851443892E-003
   1.5059999663382770E-002                           1.6490632706932544E-003
   1.5089999662712216E-002                           1.8244452650350916E-003
   1.5119999662041665E-002                           1.9988938395044662E-003
   1.5149999661371111E-002                           2.1723197429907785E-003
   1.5179999660700560E-002                           2.3446342476007792E-003
   1.5209999660030008E-002                           2.5157491940533986E-003
   1.5239999659359455E-002                           2.6855770367836622E-003
   1.5269999658688903E-002                           2.8540308887326153E-003
   1.5299999658018352E-002                           3.0210245658003477E-003
   1.5329999657347798E-002                           3.1864726309393703E-003
   1.5359999656677246E-002                           3.3502904378657846E-003
   1.5389999656006695E-002                           3.5123941743658836E-003
   1.5419999655336141E-002                           3.6727009051760297E-003
   1.5449999654665590E-002                           3.8311286144138640E-003
   1.5479999653995038E-002                           3.9875962475391449E-003
   1.5509999653324485E-002                           4.1420237528227502E-003
   1.5539999652653933E-002                           4.2943321223026165E-003
   1.5569999651983382E-002                           4.4444434322056716E-003
   1.5599999651312828E-002                           4.5922808828150760E-003
   1.5629999650642275E-002                           4.7377688377623732E-003
   1.5659999649971723E-002                           4.8808328627244543E-003
   1.5689999649301171E-002                           5.0213997635055315E-003
   1.5719999648630620E-002                           5.1593976234846394E-003
   1.5749999647960068E-002                           5.2947558404095032E-003
   1.5779999647289517E-002                           5.4274051625179572E-003
   1.5809999646618961E-002                           5.5572777239684228E-003
   1.5839999645948410E-002                           5.6843070795613276E-003
   1.5869999645277858E-002                           5.8084282387336926E-003
   1.5899999644607306E-002                           5.9295776988095086E-003
   1.5929999643936755E-002                           6.0476934774888720E-003
   1.5959999643266200E-002                           6.1627151445592786E-003
   1.5989999642595648E-002                           6.2745838528128310E-003
   1.6019999641925096E-002                           6.3832423681535596E-003
   1.6049999641254545E-002                           6.4886350988794415E-003
   1.6079999640583993E-002                           6.5907081241241413E-003
   1.6109999639913442E-002                           6.6894092214439208E-003
   1.6139999639242886E-002                           6.7846878935356068E-003
   1.6169999638572335E-002                           6.8764953940719416E-003
   1.6199999637901783E-002                           6.9647847526411047E-003
   1.6229999637231231E-002                           7.0495107987776431E-003
   1.6259999636560680E-002                           7.1306301850725153E-003
   1.6289999635890128E-002                           7.2081014093504240E-003
   1.6319999635219573E-002                           7.2818848359030956E-003
   1.6349999634549021E-002                           7.3519427157676415E-003
   1.6379999633878470E-002                           7.4182392060396229E-003
   1.6409999633207918E-002                           7.4807403882109430E-003
   1.6439999632537367E-002                           7.5394142855231810E-003
   1.6469999631866811E-002                           7.5942308793274941E-003
   1.6499999631196260E-002                           7.6451621244427084E-003
   1.6529999630525708E-002                           7.6921819635037553E-003
   1.6559999629855156E-002                           7.7352663402930977E-003
   1.6589999629184605E-002                           7.7743932120483365E-003
   1.6619999628514053E-002                           7.8095425607396934E-003
   1.6649999627843498E-002                           7.8406964033116058E-003
   1.6679999627172946E-002                           7.8678388008831882E-003
   1.6709999626502395E-002                           7.8909558669028601E-003
   1.6739999625831843E-002                           7.9100357742529614E-003
   1.6769999625161292E-002                           7.9250687613007225E-003
   1.6799999624490740E-002                           7.9360471368924955E-003
   1.6829999623820185E-002                           7.9429652842886930E-003
   1.6859999623149633E-002                           7.9458196640374169E-003
   1.6889999622479081E-002                           7.9446088157853010E-003
   1.6919999621808530E-002                           7.9393333590246622E-003
   1.6949999621137978E-002                           7.9299959927765489E-003
   1.6979999620467427E-002                           7.9166014942098802E-003
   1.7009999619796871E-002                           7.8991567161973541E-003
   1.7039999619126320E-002                           7.8776705838093895E-003
   1.7069999618455768E-002                           7.8521540897478984E-003
   1.7099999617785216E-002                           7.8226202887222169E-003
   1.7129999617114665E-002                           7.7890842907700703E-003
   1.7159999616444110E-002                           7.7515632535270062E-003
   1.7189999615773558E-002                           7.7100763734482261E-003
   1.7219999615103006E-002                           7.6646448759873269E-003
   1.7249999614432455E-002                           7.6152920047369652E-003
   1.7279999613761903E-002                           7.5620430095370075E-003
   1.7309999613091352E-002                           7.5049251335562468E-003
   1.7339999612420796E-002                           7.4439675993542929E-003
   1.7369999611750245E-002                           7.3792015939307745E-003
   1.7399999611079693E-002                           7.3106602527694903E-003
   1.7429999610409141E-002                           7.2383786428856858E-003
   1.7459999609738590E-002                           7.1623937448851227E-003
   1.7489999609068038E-002                           7.0827444340441168E-003
   1.7519999608397483E-002                           6.9994714604202281E-003
   1.7549999607726931E-002                           6.9126174280037828E-003
   1.7579999607056380E-002                           6.8222267729208816E-003
   1.7609999606385828E-002                           6.7283457406990587E-003
   1.7639999605715277E-002                           6.6310223626072154E-003
   1.7669999605044721E-002                           6.5303064310819406E-003
   1.7699999604374170E-002                           6.4262494742527761E-003
   1.7729999603703618E-002                           6.3189047295794769E-003
   1.7759999603033066E-002                           6.2083271166147435E-003
   1.7789999602362515E-002                           6.0945732089063651E-003
   1.7819999601691963E-002                           5.9777012050531483E-003
   1.7849999601021408E-002                           5.8577708989294413E-003
   1.7879999600350856E-002                           5.7348436490934820E-003
   1.7909999599680305E-002                           5.6089823473952282E-003
   1.7939999599009753E-002                           5.4802513867997253E-003
   1.7969999598339201E-002                           5.3487166284424768E-003
   1.7999999597668650E-002                           5.2144453679336747E-003
   1.8029999596998095E-002                           5.0775063009285181E-003
   1.8059999596327543E-002                           4.9379694879812547E-003
   1.8089999595656991E-002                           4.7959063187009016E-003
   1.8119999594986440E-002                           4.6513894752270076E-003
   1.8149999594315888E-002                           4.5044928950441262E-003
   1.8179999593645333E-002                           4.3552917331540356E-003
   1.8209999592974781E-002                           4.2038623236250556E-003
   1.8239999592304230E-002                           4.0502821405381233E-003
   1.8269999591633678E-002                           3.8946297583496259E-003
   1.8299999590963126E-002                           3.7369848116912594E-003
   1.8329999590292575E-002                           3.5774279546274806E-003
   1.8359999589622020E-002                           3.4160408193913989E-003
   1.8389999588951468E-002                           3.2529059746202208E-003
   1.8419999588280916E-002                           3.0881068831116083E-003
   1.8449999587610365E-002                           2.9217278591225711E-003
   1.8479999586939813E-002                           2.7538540252327382E-003
   1.8509999586269262E-002                           2.5845712687940750E-003
   1.8539999585598706E-002                           2.4139661979893277E-003
   1.8569999584928155E-002                           2.2421260975216801E-003
   1.8599999584257603E-002                           2.0691388839582867E-003
   1.8629999583587051E-002                           1.8950930607505338E-003
   1.8659999582916500E-002                           1.7200776729540412E-003
   1.8689999582245945E-002                           1.5441822616715688E-003
   1.8719999581575393E-002                           1.3674968182421357E-003
   1.8749999580904841E-002                           1.1901117381997886E-003
   1.8779999580234290E-002                           1.0121177750255785E-003
   1.8809999579563738E-002                           8.3360599371640545E-004
   1.8839999578893186E-002                           6.5466772419448547E-004
   1.8869999578222631E-002                           4.7539451458127524E-004
   1.8899999577552080E-002                           2.9587808435976642E-004
   1.8929999576881528E-002                           1.1621027744910219E-004
   1.8959999576210976E-002                          -6.3516984784466924E-005
   1.8989999575540425E-002                          -2.4321175055625014E-004
   1.9019999574869873E-002                          -4.2278208470734511E-004
   1.9049999574199318E-002                          -6.0213611574036398E-004
   1.9079999573528766E-002                          -7.8118208282258544E-004
   1.9109999572858215E-002                          -9.5982838273249232E-004
   1.9139999572187663E-002                          -1.1379836167256698E-003
   1.9169999571517111E-002                          -1.3155566372960907E-003
   1.9199999570846560E-002                          -1.4924565948088607E-003
   1.9229999570176005E-002                          -1.6685929839805678E-003
   1.9259999569505453E-002                          -1.8438756901834571E-003
   1.9289999568834901E-002                          -2.0182150355497379E-003
   1.9319999568164350E-002                          -2.1915218248524373E-003
   1.9349999567493798E-002                          -2.3637073911393211E-003
   1.9379999566823243E-002                          -2.5346836410965455E-003
   1.9409999566152691E-002                          -2.7043631001188216E-003
   1.9439999565482140E-002                          -2.8726589570630392E-003
   1.9469999564811588E-002                          -3.0394851086624486E-003
   1.9499999564141036E-002                          -3.2047562035786830E-003
   1.9529999563470485E-002                          -3.3683876860690761E-003
   1.9559999562799930E-002                          -3.5302958392469425E-003
   1.9589999562129378E-002                          -3.6903978279126805E-003
   1.9619999561458826E-002                          -3.8486117409337909E-003
   1.9649999560788275E-002                          -4.0048566331521247E-003
   1.9679999560117723E-002                          -4.1590525667969183E-003
   1.9709999559447171E-002                          -4.3111206523824327E-003
   1.9739999558776616E-002                          -4.4609830890692719E-003
   1.9769999558106065E-002                          -4.6085632044687254E-003
   1.9799999557435513E-002                          -4.7537854938697810E-003
   1.9829999556764961E-002                          -4.8965756588687280E-003
   1.9859999556094410E-002                          -5.0368606453815900E-003
   1.9889999555423855E-002                          -5.1745686810199436E-003
   1.9919999554753303E-002                          -5.3096293118109960E-003
   1.9949999554082751E-002                          -5.4419734382431416E-003
   1.9979999553412200E-002                          -5.5715333506185421E-003
   2.0009999552741648E-002                          -5.6982427636946631E-003
   2.0039999552071096E-002                          -5.8220368505970234E-003
   2.0069999551400541E-002                          -5.9428522759858229E-003
   2.0099999550729990E-002                          -6.0606272284594699E-003
   2.0129999550059438E-002                          -6.1753014521784364E-003
   2.0159999549388886E-002                          -6.2868162776932588E-003
   2.0189999548718335E-002                          -6.3951146519609075E-003
   2.0219999548047783E-002                          -6.5001411675341802E-003
   2.0249999547377228E-002                          -6.6018420909091718E-003
   2.0279999546706676E-002                          -6.7001653900163301E-003
   2.0309999546036125E-002                          -6.7950607608410190E-003
   2.0339999545365573E-002                          -6.8864796531599853E-003
   2.0369999544695021E-002                          -6.9743752953805461E-003
   2.0399999544024466E-002                          -7.0587027184697984E-003
   2.0429999543353915E-002                          -7.1394187789616094E-003
   2.0459999542683363E-002                          -7.2164821810296060E-003
   2.0489999542012811E-002                          -7.2898534976148857E-003
   2.0519999541342260E-002                          -7.3594951905976260E-003
   2.0549999540671708E-002                          -7.4253716300022778E-003
   2.0579999540001153E-002                          -7.4874491122265217E-003
   2.0609999539330601E-002                          -7.5456958772846510E-003
   2.0639999538660050E-002                          -7.6000821250565660E-003
   2.0669999537989498E-002                          -7.6505800305340680E-003
   2.0699999537318946E-002                          -7.6971637580566443E-003
   2.0729999536648395E-002                          -7.7398094745294715E-003
   2.0759999535977840E-002                          -7.7784953616168639E-003
   2.0789999535307288E-002                          -7.8132016269049399E-003
   2.0819999534636736E-002                          -7.8439105140277830E-003
   2.0849999533966185E-002                          -7.8706063117519303E-003
   2.0879999533295633E-002                          -7.8932753620145259E-003
   2.0909999532625078E-002                          -7.9119060669110373E-003
   2.0939999531954526E-002                          -7.9264888946289636E-003
   2.0969999531283975E-002                          -7.9370163843244801E-003
   2.0999999530613423E-002                          -7.9434831499395446E-003
   2.1029999529942871E-002                          -7.9458858829575089E-003
   2.1059999529272320E-002                          -7.9442233540958120E-003
   2.1089999528601765E-002                          -7.9384964139349069E-003
   2.1119999527931213E-002                          -7.9287079924830837E-003
   2.1149999527260661E-002                          -7.9148630976774298E-003
   2.1179999526590110E-002                          -7.8969688128216701E-003
   2.1209999525919558E-002                          -7.8750342929622217E-003
   2.1239999525249006E-002                          -7.8490707602043037E-003
   2.1269999524578451E-002                          -7.8190914979705001E-003
   2.1299999523907900E-002                          -7.7851118442047139E-003
   2.1329999523237348E-002                          -7.7471491835249956E-003
   2.1359999522566796E-002                          -7.7052229383292471E-003
   2.1389999521896245E-002                          -7.6593545588583686E-003
   2.1419999521225690E-002                          -7.6095675122219170E-003
   2.1449999520555138E-002                          -7.5558872703919014E-003
   2.1479999519884586E-002                          -7.4983412971708499E-003
   2.1509999519214035E-002                          -7.4369590341408220E-003
   2.1539999518543483E-002                          -7.3717718856005521E-003
   2.1569999517872931E-002                          -7.3028132024984330E-003
   2.1599999517202376E-002                          -7.2301182653695508E-003
   2.1629999516531825E-002                          -7.1537242662855147E-003
   2.1659999515861273E-002                          -7.0736702898263051E-003
   2.1689999515190721E-002                          -6.9899972930838822E-003
   2.1719999514520170E-002                          -6.9027480847077809E-003
   2.1749999513849618E-002                          -6.8119673030034170E-003
   2.1779999513179063E-002                          -6.7177013930943058E-003
   2.1809999512508511E-002                          -6.6199985831598800E-003
   2.1839999511837960E-002                          -6.5189088597610604E-003
   2.1869999511167408E-002                          -6.4144839422662107E-003
   2.1899999510496856E-002                          -6.3067772563905533E-003
   2.1929999509826305E-002                          -6.1958439068625880E-003
   2.1959999509155750E-002                          -6.0817406492314971E-003
   2.1989999508485198E-002                          -5.9645258608299568E-003
   2.2019999507814646E-002                          -5.8442595109072168E-003
   2.2049999507144095E-002                          -5.7210031299477241E-003
   2.2079999506473543E-002                          -5.5948197781909934E-003
   2.2109999505802988E-002                          -5.4657740133688248E-003
   2.2139999505132436E-002                          -5.3339318576763762E-003
   2.2169999504461885E-002                          -5.1993607639939888E-003
   2.2199999503791333E-002                          -5.0621295813770501E-003
   2.2229999503120781E-002                          -4.9223085198315444E-003
   2.2259999502450230E-002                          -4.7799691143933171E-003
   2.2289999501779675E-002                          -4.6351841885294339E-003
   2.2319999501109123E-002                          -4.4880278168803484E-003
   2.2349999500438571E-002                          -4.3385752873619501E-003
   2.2379999499768020E-002                          -4.1869030626468726E-003
   2.2409999499097468E-002                          -4.0330887410447869E-003
   2.2439999498426916E-002                          -3.8772110168016662E-003
   2.2469999497756361E-002                          -3.7193496398383601E-003
   2.2499999497085810E-002                          -3.5595853749490654E-003
   2.2529999496415258E-002                          -3.3979999604805636E-003
   2.2559999495744706E-002                          -3.2346760665133739E-003
   2.2589999495074155E-002                          -3.0696972525662155E-003
   2.2619999494403600E-002                          -2.9031479248454177E-003
   2.2649999493733048E-002                          -2.7351132930611426E-003
   2.2679999493062496E-002                          -2.5656793268325263E-003
   2.2709999492391945E-002                          -2.3949327117040336E-003
   2.2739999491721393E-002                          -2.2229608047955353E-003
   2.2769999491050841E-002                          -2.0498515901087931E-003
   2.2799999490380286E-002                          -1.8756936335132214E-003
   2.2829999489709735E-002                          -1.7005760374339523E-003
   2.2859999489039183E-002                          -1.5245883952653902E-003
   2.2889999488368631E-002                          -1.3478207455335763E-003
   2.2919999487698080E-002                          -1.1703635258308179E-003
   2.2949999487027528E-002                          -9.9230752654614804E-004
   2.2979999486356973E-002                          -8.1374384441528609E-004
   2.3009999485686421E-002                          -6.3476383591386785E-004
   2.3039999485015870E-002                          -4.5545907051778363E-004
   2.3069999484345318E-002                          -2.7592128385454484E-004
   2.3099999483674766E-002                          -9.6242330769642678E-005
   2.3129999483004211E-002                           8.3485861668084057E-005
   2.3159999482333660E-002                           2.6317134119803308E-004
   2.3189999481663108E-002                           4.4272217741231498E-004
   2.3219999480992556E-002                           6.2204650878904682E-004
   2.3249999480322005E-002                           8.0105258969039939E-004
   2.3279999479651453E-002                           9.7964883730136221E-004
   2.3309999478980898E-002                           1.1577438784852014E-003
   2.3339999478310346E-002                           1.3352465965316401E-003
   2.3369999477639795E-002                           1.5120661777738526E-003
   2.3399999476969243E-002                           1.6881121580504120E-003
   2.3429999476298691E-002                           1.8632944689884242E-003
   2.3459999475628140E-002                           2.0375234840841676E-003
   2.3489999474957585E-002                           2.2107100645576711E-003
   2.3519999474287033E-002                           2.3827656049577560E-003
   2.3549999473616481E-002                           2.5536020784942227E-003
   2.3579999472945930E-002                           2.7231320820739805E-003
   2.3609999472275378E-002                           2.8912688810180821E-003
   2.3639999471604823E-002                           3.0579264534367863E-003
   2.3669999470934271E-002                           3.2230195342399454E-003
   2.3699999470263720E-002                           3.3864636587601984E-003
   2.3729999469593168E-002                           3.5481752059666563E-003
   2.3759999468922616E-002                           3.7080714412469629E-003
   2.3789999468252065E-002                           3.8660705587358494E-003
   2.3819999467581510E-002                           4.0220917231685244E-003
   2.3849999466910958E-002                           4.1760551112374877E-003
   2.3879999466240406E-002                           4.3278819524316088E-003
   2.3909999465569855E-002                           4.4774945693365755E-003
   2.3939999464899303E-002                           4.6248164173760898E-003
   2.3969999464228751E-002                           4.7697721239734888E-003
   2.3999999463558196E-002                           4.9122875271137446E-003
   2.4029999462887645E-002                           5.0522897132861174E-003
   2.4059999462217093E-002                           5.1897070547880578E-003
   2.4089999461546541E-002                           5.3244692463712585E-003
   2.4119999460875990E-002                           5.4565073412111212E-003
   2.4149999460205435E-002                           5.5857537861812205E-003
   2.4179999459534883E-002                           5.7121424564147306E-003
   2.4209999458864331E-002                           5.8356086891351300E-003
   2.4239999458193780E-002                           5.9560893167388690E-003
   2.4269999457523228E-002                           6.0735226991130821E-003
   2.4299999456852676E-002                           6.1878487551718098E-003
   2.4329999456182121E-002                           6.2990089935945886E-003
   2.4359999455511570E-002                           6.4069465427516901E-003
   2.4389999454841018E-002                           6.5116061798006983E-003
   2.4419999454170466E-002                           6.6129343589395335E-003
   2.4449999453499915E-002                           6.7108792388014746E-003
   2.4479999452829363E-002                           6.8053907089781571E-003
   2.4509999452158808E-002                           6.8964204156569840E-003
   2.4539999451488256E-002                           6.9839217863598285E-003
   2.4569999450817705E-002                           7.0678500537703741E-003
   2.4599999450147153E-002                           7.1481622786379005E-003
   2.4629999449476601E-002                           7.2248173717457953E-003
   2.4659999448806050E-002                           7.2977761149335555E-003
   2.4689999448135495E-002                           7.3670011811615230E-003
   2.4719999447464943E-002                           7.4324571536080871E-003
   2.4749999446794391E-002                           7.4941105437895845E-003
   2.4779999446123840E-002                           7.5519298086936257E-003
   2.4809999445453288E-002                           7.6058853669170806E-003
   2.4839999444782733E-002                           7.6559496138004727E-003
   2.4869999444112181E-002                           7.7020969355510310E-003
   2.4899999443441630E-002                           7.7443037223471787E-003
   2.4929999442771078E-002                           7.7825483804177557E-003
   2.4959999442100526E-002                           7.8168113430897874E-003
   2.4989999441429975E-002                           7.8470750807991610E-003
   2.5019999440759420E-002                           7.8733241100590670E-003
   2.5049999440088868E-002                           7.8955450013816434E-003
   2.5079999439418316E-002                           7.9137263861487443E-003
   2.5109999438747765E-002                           7.9278589624283378E-003
   2.5139999438077213E-002                           7.9379354997335481E-003
   2.5169999437406661E-002                           7.9439508427218992E-003
   2.5199999436736106E-002                           7.9459019138328896E-003
   2.5229999436065555E-002                           7.9437877148625276E-003
   2.5259999435395003E-002                           7.9376093274740288E-003
   2.5289999434724451E-002                           7.9273699126444202E-003
   2.5319999434053900E-002                           7.9130747090473234E-003
   2.5349999433383345E-002                           7.8947310303727532E-003
   2.5379999432712793E-002                           7.8723482615852998E-003
   2.5409999432042241E-002                           7.8459378541226067E-003
   2.5439999431371690E-002                           7.8155133200366045E-003
   2.5469999430701138E-002                           7.7810902250804960E-003
   2.5499999430030586E-002                           7.7426861807450269E-003
   2.5529999429360031E-002                           7.7003208352481268E-003
   2.5559999428689480E-002                           7.6540158634825148E-003
   2.5589999428018928E-002                           7.6037949559264236E-003
   2.5619999427348376E-002                           7.5496838065231163E-003
   2.5649999426677825E-002                           7.4917100995353890E-003
   2.5679999426007273E-002                           7.4299034953817919E-003
   2.5709999425336718E-002                           7.3642956154618107E-003
   2.5739999424666166E-002                           7.2949200259777771E-003
   2.5769999423995615E-002                           7.2218122207617780E-003
   2.5799999423325063E-002                           7.1450096031163554E-003
   2.5829999422654511E-002                           7.0645514666782877E-003
   2.5859999421983956E-002                           6.9804789753152401E-003
   2.5889999421313405E-002                           6.8928351420655710E-003
   2.5919999420642853E-002                           6.8016648071320650E-003
   2.5949999419972301E-002                           6.7070146149408594E-003
   2.5979999419301750E-002                           6.6089329902772938E-003
   2.6009999418631198E-002                           6.5074701135108964E-003
   2.6039999417960643E-002                           6.4026778949221813E-003
   2.6069999417290091E-002                           6.2946099481443916E-003
   2.6099999416619540E-002                           6.1833215627337731E-003
   2.6129999415948988E-002                           6.0688696758824179E-003
   2.6159999415278436E-002                           5.9513128432881462E-003
   2.6189999414607885E-002                           5.8307112091963284E-003
   2.6219999413937330E-002                           5.7071264756289822E-003
   2.6249999413266778E-002                           5.5806218708168778E-003
   2.6279999412596226E-002                           5.4512621168508078E-003
   2.6309999411925675E-002                           5.3191133965685708E-003
   2.6339999411255123E-002                           5.1842433196946100E-003
   2.6369999410584568E-002                           5.0467208882496329E-003
   2.6399999409914016E-002                           4.9066164612479000E-003
   2.6429999409243465E-002                           4.7640017187002568E-003
   2.6459999408572913E-002                           4.6189496249413138E-003
   2.6489999407902361E-002                           4.4715343912995510E-003
   2.6519999407231810E-002                           4.3218314381294294E-003
   2.6549999406561255E-002                           4.1699173562249475E-003
   2.6579999405890703E-002                           4.0158698676343776E-003
   2.6609999405220151E-002                           3.8597677858962297E-003
   2.6639999404549600E-002                           3.7016909757167887E-003
   2.6669999403879048E-002                           3.5417203121098596E-003
   2.6699999403208496E-002                           3.3799376390196167E-003
   2.6729999402537941E-002                           3.2164257274477316E-003
   2.6759999401867390E-002                           3.0512682331062030E-003
   2.6789999401196838E-002                           2.8845496536175461E-003
   2.6819999400526286E-002                           2.7163552852842517E-003
   2.6849999399855735E-002                           2.5467711794496212E-003
   2.6879999399185180E-002                           2.3758840984723136E-003
   2.6909999398514628E-002                           2.2037814713371223E-003
   2.6939999397844076E-002                           2.0305513489246906E-003
   2.6969999397173525E-002                           1.8562823589630549E-003
   2.6999999396502973E-002                           1.6810636606840671E-003
   2.7029999395832421E-002                           1.5049848992078822E-003
   2.7059999395161866E-002                           1.3281361596788608E-003
   2.7089999394491315E-002                           1.1506079211763491E-003
   2.7119999393820763E-002                           9.7249101042390937E-004
   2.7149999393150211E-002                           7.9387655532069145E-004
   2.7179999392479660E-002                           6.1485593831871893E-004
   2.7209999391809108E-002                           4.3552074966994147E-004
   2.7239999391138553E-002                           2.5596274056696765E-004
   2.7269999390468001E-002                           7.6273776201463936E-005
   2.7299999389797450E-002                          -1.0345421123577432E-004
   2.7329999389126898E-002                          -2.8312926958902896E-004
   2.7359999388456346E-002                          -4.6265947378207762E-004
   2.7389999387785795E-002                          -6.4195297284875858E-004
   2.7419999387115240E-002                          -8.2091803692562187E-004
   2.7449999386444688E-002                          -9.9946310418262099E-004
   2.7479999385774136E-002                          -1.1774968276678350E-003
   2.7509999385103585E-002                          -1.3549281220422555E-003
   2.7539999384433033E-002                          -1.5316662101807262E-003
   2.7569999383762478E-002                          -1.7076206696151957E-003
   2.7599999383091926E-002                          -1.8827014787965197E-003
   2.7629999382421375E-002                          -2.0568190631511498E-003
   2.7659999381750823E-002                          -2.2298843409091383E-003
   2.7689999381080271E-002                          -2.4018087686800168E-003
   2.7719999380409720E-002                          -2.5725043867532273E-003
   2.7749999379739165E-002                          -2.7418838640999327E-003
   2.7779999379068613E-002                          -2.9098605430531842E-003
   2.7809999378398061E-002                          -3.0763484836435831E-003
   2.7839999377727510E-002                          -3.2412625075677560E-003
   2.7869999377056958E-002                          -3.4045182417671476E-003
   2.7899999376386406E-002                          -3.5660321615948345E-003
   2.7929999375715851E-002                          -3.7257216335482746E-003
   2.7959999375045300E-002                          -3.8835049575461321E-003
   2.7989999374374748E-002                          -4.0393014087275487E-003
   2.8019999373704196E-002                          -4.1930312787524723E-003
   2.8049999373033645E-002                          -4.3446159165819141E-003
   2.8079999372363090E-002                          -4.4939777687172736E-003
   2.8109999371692538E-002                          -4.6410404188781378E-003
   2.8139999371021986E-002                          -4.7857286270982617E-003
   2.8169999370351435E-002                          -4.9279683682197243E-003
   2.8199999369680883E-002                          -5.0676868697655643E-003
   2.8229999369010331E-002                          -5.2048126491715226E-003
   2.8259999368339776E-002                          -5.3392755503578427E-003
   2.8289999367669225E-002                          -5.4710067796224157E-003
   2.8319999366998673E-002                          -5.5999389408369089E-003
   2.8349999366328121E-002                          -5.7260060699278678E-003
   2.8379999365657570E-002                          -5.8491436686251537E-003
   2.8409999364987018E-002                          -5.9692887374604500E-003
   2.8439999364316463E-002                          -6.0863798079989501E-003
   2.8469999363645911E-002                          -6.2003569742877466E-003
   2.8499999362975360E-002                          -6.3111619235048213E-003
   2.8529999362304808E-002                          -6.4187379657929628E-003
   2.8559999361634256E-002                          -6.5230300632633425E-003
   2.8589999360963701E-002                          -6.6239848581539137E-003
   2.8619999360293150E-002                          -6.7215507001282260E-003
   2.8649999359622598E-002                          -6.8156776727006955E-003
   2.8679999358952046E-002                          -6.9063176187747956E-003
   2.8709999358281495E-002                          -6.9934241652811202E-003
   2.8739999357610943E-002                          -7.0769527469026995E-003
   2.8769999356940388E-002                          -7.1568606288754388E-003
   2.8799999356269836E-002                          -7.2331069288520140E-003
   2.8829999355599285E-002                          -7.3056526378180338E-003
   2.8859999354928733E-002                          -7.3744606400497712E-003
   2.8889999354258181E-002                          -7.4394957321032547E-003
   2.8919999353587630E-002                          -7.5007246408249984E-003
   2.8949999352917075E-002                          -7.5581160403751617E-003
   2.8979999352246523E-002                          -7.6116405682544281E-003
   2.9009999351575971E-002                          -7.6612708403264000E-003
   2.9039999350905420E-002                          -7.7069814648278298E-003
   2.9069999350234868E-002                          -7.7487490553595148E-003
   2.9099999349564313E-002                          -7.7865522428512092E-003
   2.9129999348893761E-002                          -7.8203716864944373E-003
   2.9159999348223210E-002                          -7.8501900836376055E-003
   2.9189999347552658E-002                          -7.8759921786383576E-003
   2.9219999346882106E-002                          -7.8977647706686485E-003
   2.9249999346211555E-002                          -7.9154967204685261E-003
   2.9279999345541000E-002                          -7.9291789560451825E-003
   2.9309999344870448E-002                          -7.9388044773143554E-003
   2.9339999344199896E-002                          -7.9443683596817014E-003
   2.9369999343529345E-002                          -7.9458677565623029E-003
   2.9399999342858793E-002                          -7.9433019008370419E-003
   2.9429999342188241E-002                          -7.9366721052450684E-003
   2.9459999341517686E-002                          -7.9259817617121746E-003
   2.9489999340847135E-002                          -7.9112363396154316E-003
   2.9519999340176583E-002                          -7.8924433829849483E-003
   2.9549999339506031E-002                          -7.8696125066442107E-003
   2.9579999338835480E-002                          -7.8427553912909561E-003
   2.9609999338164928E-002                          -7.8118857775211180E-003
   2.9639999337494373E-002                          -7.7770194587988796E-003
   2.9669999336823821E-002                          -7.7381742733764478E-003
   2.9699999336153270E-002                          -7.6953700951676741E-003
   2.9729999335482718E-002                          -7.6486288235801921E-003
   2.9759999334812166E-002                          -7.5979743723112768E-003
   2.9789999334141611E-002                          -7.5434326571131565E-003
   2.9819999333471060E-002                          -7.4850315825340354E-003
   2.9849999332800508E-002                          -7.4228010276416118E-003
   2.9879999332129956E-002                          -7.3567728307363947E-003
   2.9909999331459405E-002                          -7.2869807730626436E-003
   2.9939999330788853E-002                          -7.2134605615252565E-003
   2.9969999330118298E-002                          -7.1362498104214625E-003
   2.9999999329447746E-002                          -7.0553880221966517E-003
