   0.0000000000000000                                0.0000000000000000     
   1.0000000000000000E-002                           3.1166212636801581E-007
   2.0000000000000000E-002                           2.4929737920567757E-006
   2.9999999999999999E-002                           8.4121828746009470E-006
   4.0000000000000001E-002                           1.9934734726458658E-005
   5.0000000000000003E-002                           3.8921872885261741E-005
   5.9999999999999998E-002                           6.7229242150301455E-005
   7.0000000000000007E-002                           1.0670549481214944E-004
   8.0000000000000002E-002                           1.5919090082073287E-004
   8.9999999999999997E-002                           2.2651596267520815E-004
  0.10000000000000001                                3.1050003581661054E-004
  0.11000000000000000                                4.1294995530149727E-004
  0.12000000000000000                                5.3565866953165326E-004
  0.13000000000000000                                6.8040388181138855E-004
  0.14000000000000001                                8.4894670050003293E-004
  0.14999999999999999                                1.0430302985229185E-003
  0.16000000000000000                                1.2643785829994517E-003
  0.17000000000000001                                1.5146948757417931E-003
  0.17999999999999999                                1.7956606053722169E-003
  0.19000000000000000                                2.1089340118013839E-003
  0.20000000000000001                                2.4561488638035617E-003
  0.20999999999999999                                2.8389131904182495E-003
  0.22000000000000000                                3.2588080269007206E-003
  0.23000000000000001                                3.7173861759366954E-003
  0.23999999999999999                                4.2161709848286795E-003
  0.25000000000000000                                4.7566551393534873E-003
  0.26000000000000001                                5.3402994749820899E-003
  0.27000000000000002                                5.9685318061441922E-003
  0.28000000000000003                                6.6427457742108866E-003
  0.28999999999999998                                7.3642997148592971E-003
  0.29999999999999999                                8.1345155454733975E-003
  0.31000000000000000                                8.9546776732250862E-003
  0.32000000000000001                                9.8260319244692102E-003
  0.33000000000000002                                1.0749784496075474E-002
  0.34000000000000002                                1.1727100929309153E-002
  0.35000000000000003                                1.2759105106861134E-002
  0.35999999999999999                                1.3846878273616164E-002
  0.37000000000000000                                1.4991458081736207E-002
  0.38000000000000000                                1.6193837660623548E-002
  0.39000000000000001                                1.7454964712315727E-002
  0.40000000000000002                                1.8775740632851558E-002
  0.41000000000000003                                2.0157019660134345E-002
  0.41999999999999998                                2.1599608048805043E-002
  0.42999999999999999                                2.3104263272624478E-002
  0.44000000000000000                                2.4671693254849764E-002
  0.45000000000000001                                2.6302555627075966E-002
  0.46000000000000002                                2.7997457016999600E-002
  0.47000000000000003                                2.9756952365545927E-002
  0.47999999999999998                                3.1581544273787128E-002
  0.48999999999999999                                3.3471682380063338E-002
  0.50000000000000000                                3.5427762767703166E-002
  0.51000000000000001                                3.7450127403724887E-002
  0.52000000000000002                                3.9539063608883582E-002
  0.53000000000000003                                4.1694803559413844E-002
  0.54000000000000004                                4.3917523820801212E-002
  0.55000000000000004                                4.6207344913899523E-002
  0.56000000000000005                                4.8564330913694657E-002
  0.57000000000000006                                5.0988489080998678E-002
  0.57999999999999996                                5.3479769527341452E-002
  0.58999999999999997                                5.6038064913310009E-002
  0.59999999999999998                                5.8663210180568706E-002
  0.60999999999999999                                6.1354982317776190E-002
  0.62000000000000000                                6.4113100160597611E-002
  0.63000000000000000                                6.6937224225993325E-002
  0.64000000000000001                                6.9826956580947550E-002
  0.65000000000000002                                7.2781840745782894E-002
  0.66000000000000003                                7.5801361632188938E-002
  0.67000000000000004                                7.8884945516075097E-002
  0.68000000000000005                                8.2031960045340233E-002
  0.69000000000000006                                8.5241714282633385E-002
  0.70000000000000007                                8.8513458783162038E-002
  0.70999999999999996                                9.1846385707586214E-002
  0.71999999999999997                                9.5239628970018614E-002
  0.72999999999999998                                9.8692264421132811E-002
  0.73999999999999999                               0.10220331006636335     
  0.75000000000000000                               0.10577172631916354     
  0.76000000000000001                               0.10939641628926823     
  0.77000000000000002                               0.11307622610589110     
  0.78000000000000003                               0.11680994527576746     
  0.79000000000000004                               0.12059630707593551     
  0.80000000000000004                               0.12443398898113103     
  0.81000000000000005                               0.12832161312565218     
  0.82000000000000006                               0.13225774679953314     
  0.83000000000000007                               0.13624090297884744     
  0.83999999999999997                               0.14026954088994367     
  0.84999999999999998                               0.14434206660739868     
  0.85999999999999999                               0.14845683368545556     
  0.87000000000000000                               0.15261214382269572     
  0.88000000000000000                               0.15680624755967737     
  0.89000000000000001                               0.16103734500925476     
  0.90000000000000002                               0.16530358661927541     
  0.91000000000000003                               0.16960307396733540     
  0.92000000000000004                               0.17393386058725541     
  0.93000000000000005                               0.17829395282692367     
  0.94000000000000006                               0.18268131073713484     
  0.95000000000000007                               0.18709384899103740     
  0.95999999999999996                               0.19152943783378551     
  0.96999999999999997                               0.19598590406197522     
  0.97999999999999998                               0.20046103203242852     
  0.98999999999999999                               0.20495256469987302     
   1.0000000000000000                               0.20945820468304926     
   1.0100000000000000                               0.21397561535876206     
   1.0200000000000000                               0.21850242198337699     
   1.0300000000000000                               0.22303621284124833     
   1.0400000000000000                               0.22757454041954928     
   1.0500000000000000                               0.23211492260896144     
   1.0600000000000001                               0.23665484392966543     
   1.0700000000000001                               0.24119175678206106     
   1.0800000000000001                               0.24572308272163090     
   1.0900000000000001                               0.25024621375734818     
   1.1000000000000001                               0.25475851367301605     
   1.1100000000000001                               0.25925731937091251     
   1.1200000000000001                               0.26373994223710256     
   1.1300000000000001                               0.26820366952776620     
   1.1400000000000001                               0.27264576577587935     
   1.1500000000000001                               0.27706347421757255     
   1.1599999999999999                               0.28145401823748056     
   1.1699999999999999                               0.28581460283238497     
   1.1799999999999999                               0.29014241609244101     
   1.1899999999999999                               0.29443463069926928     
   1.2000000000000000                               0.29868840544018199     
   1.2100000000000000                               0.30290088673780458     
   1.2200000000000000                               0.30706921019434319     
   1.2300000000000000                               0.31119050214973953     
   1.2400000000000000                               0.31526188125294541     
   1.2500000000000000                               0.31928046004554123     
   1.2600000000000000                               0.32324334655691411     
   1.2700000000000000                               0.32714764591020379     
   1.2800000000000000                               0.33099046193821657     
   1.2900000000000000                               0.33476889880850114     
   1.3000000000000000                               0.33848006265677294     
   1.3100000000000001                               0.34212106322786756     
   1.3200000000000001                               0.34568901552339787     
   1.3300000000000001                               0.34918104145528384     
   1.3400000000000001                               0.35259427150431888     
   1.3500000000000001                               0.35592584638293212     
   1.3600000000000001                               0.35917291870130141     
   1.3700000000000001                               0.36233265463596764     
   1.3800000000000001                               0.36540223560009810     
   1.3900000000000001                               0.36837885991454294     
   1.4000000000000001                               0.37125974447882626     
   1.4099999999999999                               0.37404212644121093     
   1.4199999999999999                               0.37672326486697444     
   1.4299999999999999                               0.37930044240403166     
   1.4399999999999999                               0.38177096694503915     
   1.4500000000000000                               0.38413217328511495     
   1.4600000000000000                               0.38638142477430792     
   1.4700000000000000                               0.38851611496395033     
   1.4800000000000000                               0.39053366924602828     
   1.4900000000000000                               0.39243154648470591     
   1.5000000000000000                               0.39420724063913992     
   1.5100000000000000                               0.39585828237672349     
   1.5200000000000000                               0.39738224067590056     
   1.5300000000000000                               0.39877672441769468     
   1.5400000000000000                               0.40003938396509880     
   1.5500000000000000                               0.40116791272947666     
   1.5600000000000001                               0.40216004872313044     
   1.5700000000000001                               0.40301357609719268     
   1.5800000000000001                               0.40372632666400671     
   1.5900000000000001                               0.40429618140316353     
   1.6000000000000001                               0.40472107195037005     
   1.6100000000000001                               0.40499898206832846     
   1.6200000000000001                               0.40512794909881333     
   1.6300000000000001                               0.40510606539514032     
   1.6400000000000001                               0.40493147973422655     
   1.6500000000000001                               0.40460239870745135     
   1.6600000000000001                               0.40411708808953345     
   1.6699999999999999                               0.40347387418464914     
   1.6799999999999999                               0.40267114514902497     
   1.6899999999999999                               0.40170735228924764     
   1.7000000000000000                               0.40058101133554302     
   1.7100000000000000                               0.39929070368928649     
   1.7200000000000000                               0.39783507764401693     
   1.7300000000000000                               0.39621284957923775     
   1.7400000000000000                               0.39442280512629829     
   1.7500000000000000                               0.39246380030566219     
   1.7600000000000000                               0.39033476263487882     
   1.7700000000000000                               0.38803469220658832     
   1.7800000000000000                               0.38556266273590112     
   1.7900000000000000                               0.38291782257650731     
   1.8000000000000000                               0.38009939570488327     
   1.8100000000000001                               0.37710668267197711     
   1.8200000000000001                               0.37393906152176781     
   1.8300000000000001                               0.37059598867610727     
   1.8400000000000001                               0.36707699978526925     
   1.8500000000000001                               0.36338171054364321     
   1.8600000000000001                               0.35950981747002664     
   1.8700000000000001                               0.35546109865198477     
   1.8800000000000001                               0.35123541445376200     
   1.8900000000000001                               0.34683270818724526     
   1.9000000000000001                               0.34225300674549619     
   1.9100000000000001                               0.33749642119838463     
   1.9199999999999999                               0.33256314734987374     
   1.9299999999999999                               0.32745346625652283     
   1.9399999999999999                               0.32216774470679210     
   1.9500000000000000                               0.31670643566075096     
   1.9600000000000000                               0.31107007864980829     
   1.9700000000000000                               0.30525930013610214     
   1.9800000000000000                               0.29927481383120397     
   1.9900000000000000                               0.29311742097381072     
   2.0000000000000000                               0.28678801056611664     
   2.0100000000000002                               0.28028755956857582     
   2.0200000000000000                               0.27361713305278518     
   2.0300000000000002                               0.26677788431223598     
   2.0400000000000000                               0.25977105493070290     
   2.0499999999999998                               0.25259797480805724     
   2.0600000000000001                               0.24526006214331145     
   2.0699999999999998                               0.23775882337472215     
   2.0800000000000001                               0.23009585307679756     
   2.0899999999999999                               0.22227283381407609     
   2.1000000000000001                               0.21429153595156289     
   2.1099999999999999                               0.20615381742173081     
   2.1200000000000001                               0.19786162344801295     
   2.1299999999999999                               0.18941698622473427     
   2.1400000000000001                               0.18082202455345017     
   2.1499999999999999                               0.17207894343568023     
   2.1600000000000001                               0.16319003362204618     
   2.1699999999999999                               0.15415767111784390     
   2.1800000000000002                               0.14498431664509923     
   2.1899999999999999                               0.13567251506117911     
   2.2000000000000002                               0.12622489473404921     
   2.2100000000000000                               0.11664416687429077     
   2.2200000000000002                               0.10693312482400974     
   2.2300000000000000                                9.7094643302791980E-002
   2.2400000000000002                                8.7131677610879227E-002
   2.2500000000000000                                7.7047262789761067E-002
   2.2600000000000002                                6.6844512740398793E-002
   2.2700000000000000                                5.6526619299317696E-002
   2.2800000000000002                                4.6096851272824979E-002
   2.2900000000000000                                3.5558553429630733E-002
   2.3000000000000003                                2.4915145452170058E-002
   2.3100000000000001                                1.4170120846944648E-002
   2.3199999999999998                                3.3270458142224003E-003
   2.3300000000000001                               -7.6104419225461982E-003
   2.3399999999999999                               -1.8638634327216179E-002
   2.3500000000000001                               -2.9753754300942035E-002
   2.3599999999999999                               -4.0951956971259022E-002
   2.3700000000000001                               -5.2229331019813759E-002
   2.3799999999999999                               -6.3581900048286538E-002
   2.3900000000000001                               -7.5005623982028410E-002
   2.3999999999999999                               -8.6496400510916976E-002
   2.4100000000000001                               -9.8050066566915769E-002
   2.4199999999999999                              -0.10966239983780336     
   2.4300000000000002                              -0.12132912031651966     
   2.4399999999999999                              -0.13304589188555846     
   2.4500000000000002                              -0.14480832393581711     
   2.4600000000000000                              -0.15661197301929625     
   2.4700000000000002                              -0.16845234453502464     
   2.4800000000000000                              -0.18032489444756677     
   2.4900000000000002                              -0.19222503103745353     
   2.5000000000000000                              -0.20414811668285932     
   2.5100000000000002                              -0.21608946967183218     
   2.5200000000000000                              -0.22804436604436693     
   2.5300000000000002                              -0.24000804146359525     
   2.5400000000000000                              -0.25197569311535079     
   2.5500000000000003                              -0.26394248163535133     
   2.5600000000000001                              -0.27590353306322535     
   2.5699999999999998                              -0.28785394082259469     
   2.5800000000000001                              -0.29978876772641100     
   2.5899999999999999                              -0.31170304800672843     
   2.6000000000000001                              -0.32359178936808192     
   2.6099999999999999                              -0.33544997506362600     
   2.6200000000000001                              -0.34727256599317591     
   2.6299999999999999                              -0.35905450282228024     
   2.6400000000000001                              -0.37079070812144088     
   2.6499999999999999                              -0.38247608852458448     
   2.6600000000000001                              -0.39410553690587735     
   2.6699999999999999                              -0.40567393457396433     
   2.6800000000000002                              -0.41717615348270104     
   2.6899999999999999                              -0.42860705845743802     
   2.7000000000000002                              -0.43996150943590517     
   2.7100000000000000                              -0.45123436372273468     
   2.7200000000000002                              -0.46242047825665156     
   2.7300000000000000                              -0.47351471188935074     
   2.7400000000000002                              -0.48451192767507267     
   2.7500000000000000                              -0.49540699516987907     
   2.7600000000000002                              -0.50619479273962442     
   2.7700000000000000                              -0.51687020987561016     
   2.7800000000000002                              -0.52742814951690176     
   2.7900000000000000                              -0.53786353037828349     
   2.8000000000000003                              -0.54817128928281722     
   2.8100000000000001                              -0.55834638349796828     
   2.8199999999999998                              -0.56838379307425513     
   2.8300000000000001                              -0.57827852318537454     
   2.8399999999999999                              -0.58802560646875046     
   2.8500000000000001                              -0.59762010536545040     
   2.8599999999999999                              -0.60705711445841004     
   2.8700000000000001                              -0.61633176280790369     
   2.8799999999999999                              -0.62543921628319576     
   2.8900000000000001                              -0.63437467988930696     
   2.8999999999999999                              -0.64313340008782660     
   2.9100000000000001                              -0.65171066711070247     
   2.9199999999999999                              -0.66010181726593731     
   2.9300000000000002                              -0.66830223523412402     
   2.9399999999999999                              -0.67630735635474859     
   2.9500000000000002                              -0.68411266890119271     
   2.9600000000000000                              -0.69171371634337020     
   2.9700000000000002                              -0.69910609959692982     
   2.9800000000000000                              -0.70628547925796437     
   2.9900000000000002                              -0.71324757782216330     
   3.0000000000000000                              -0.71998818188735458     
   3.0100000000000002                              -0.72650314433838115     
   3.0200000000000000                              -0.73278838651326439     
   3.0300000000000002                              -0.73883990034961022     
   3.0400000000000000                              -0.74465375051021965     
   3.0500000000000003                              -0.75022607648687034     
   3.0600000000000001                              -0.75555309468124310     
   3.0700000000000003                              -0.76063110046197258     
   3.0800000000000001                              -0.76545647019680962     
   3.0899999999999999                              -0.77002566325889044     
   3.1000000000000001                              -0.77433522400611443     
   3.1099999999999999                              -0.77838178373264277     
   3.1200000000000001                              -0.78216206259153775     
   3.1299999999999999                              -0.78567287148757292     
   3.1400000000000001                              -0.78891111393925351     
   3.1499999999999999                              -0.79187378790909757     
   3.1600000000000001                              -0.79455798760123897     
   3.1699999999999999                              -0.79696090522542373     
   3.1800000000000002                              -0.79907983272648475     
   3.1899999999999999                              -0.80091216347839045     
   3.2000000000000002                              -0.80245539394197640     
   3.2100000000000000                              -0.80370712528548161     
   3.2200000000000002                              -0.80466506496702472     
   3.2300000000000000                              -0.80532702827816971     
   3.2400000000000002                              -0.80569093984774409     
   3.2500000000000000                              -0.80575483510508827     
   3.2600000000000002                              -0.80551686170192882     
   3.2700000000000000                              -0.80497528089208503     
   3.2800000000000002                              -0.80412846886823341     
   3.2900000000000000                              -0.80297491805497112     
   3.3000000000000003                              -0.80151323835743571     
   3.3100000000000001                              -0.79974215836475682     
   3.3200000000000003                              -0.79766052650763153     
   3.3300000000000001                              -0.79526731216933311     
   3.3399999999999999                              -0.79256160674948206     
   3.3500000000000001                              -0.78954262467992586     
   3.3599999999999999                              -0.78620970439209259     
   3.3700000000000001                              -0.78256230923520342     
   3.3799999999999999                              -0.77860002834474817     
   3.3900000000000001                              -0.77432257746064781     
   3.3999999999999999                              -0.76972979969454802     
   3.4100000000000001                              -0.76482166624570880     
   3.4199999999999999                              -0.75959827706497429     
   3.4300000000000002                              -0.75405986146633042     
   3.4399999999999999                              -0.74820677868557672     
   3.4500000000000002                              -0.74203951838566273     
   3.4600000000000000                              -0.73555870110825849     
   3.4700000000000002                              -0.72876507867115314     
   3.4800000000000000                              -0.72165953451109655     
   3.4900000000000002                              -0.71424308397172154     
   3.5000000000000000                              -0.70651687453620815     
   3.5100000000000002                              -0.69848218600437240     
   3.5200000000000000                              -0.69014043061388686     
   3.5300000000000002                              -0.68149315310536362     
   3.5400000000000000                              -0.67254203073105245     
   3.5500000000000003                              -0.66328887320693186     
   3.5600000000000001                              -0.65373562260799489     
   3.5700000000000003                              -0.64388435320655424     
   3.5800000000000001                              -0.63373727125341683     
   3.5899999999999999                              -0.62329671470180192     
   3.6000000000000001                              -0.61256515287390001     
   3.6099999999999999                              -0.60154518606999741     
   3.6200000000000001                              -0.59023954512011201     
   3.6299999999999999                              -0.57865109087811428     
   3.6400000000000001                              -0.56678281365833005     
   3.6499999999999999                              -0.55463783261464772     
   3.6600000000000001                              -0.54221939506217609     
   3.6699999999999999                              -0.52953087574152691     
   3.6800000000000002                              -0.51657577602581728     
   3.6899999999999999                              -0.50335772307051641     
   3.7000000000000002                              -0.48988046890628290     
   3.7100000000000000                              -0.47614788947496628     
   3.7200000000000002                              -0.46216398360896960     
   3.7300000000000000                              -0.44793287195419740     
   3.7400000000000002                              -0.43345879583683605     
   3.7500000000000000                              -0.41874611607424045     
   3.7600000000000002                              -0.40379931173022476     
   3.7700000000000000                              -0.38862297881508068     
   3.7800000000000002                              -0.37322182893067118     
   3.7900000000000000                              -0.35760068786097265     
   3.8000000000000003                              -0.34176449410846316     
   3.8100000000000001                              -0.32571829737677882     
   3.8200000000000003                              -0.30946725700008537     
   3.8300000000000001                              -0.29301664031963592     
   3.8399999999999999                              -0.27637182100801033     
   3.8500000000000001                              -0.25953827734155566     
   3.8599999999999999                              -0.24252159042157134     
   3.8700000000000001                              -0.22532744234480637     
   3.8799999999999999                              -0.20796161432385918     
   3.8900000000000001                              -0.19042998475809483     
   3.8999999999999999                              -0.17273852725571681     
   3.9100000000000001                              -0.15489330860765432     
   3.9199999999999999                              -0.13690048671394817     
   3.9300000000000002                              -0.11876630846334139     
   3.9399999999999999                              -0.10049710756680294     
   3.9500000000000002                               -8.2099302345734718E-002
   3.9600000000000000                               -6.3579393475634322E-002
   3.9700000000000002                               -4.4943961686007186E-002
   3.9800000000000000                               -2.6199665417343188E-002
   3.9900000000000002                               -7.3532384359938641E-003
   4.0000000000000000                                1.1588512592193095E-002
   4.0099999999999998                                3.0618710568604924E-002
   4.0200000000000005                                4.9730410468063216E-002
   4.0300000000000002                                6.8916601883574805E-002
   4.0400000000000000                                8.8170211608697729E-002
   4.0499999999999998                               0.10748410625656694     
   4.0600000000000005                               0.12685109491460564     
   4.0700000000000003                               0.14626393183392980     
   4.0800000000000001                               0.16571531915243554     
   4.0899999999999999                               0.18519790965054136     
   4.0999999999999996                               0.20470430953854007     
   4.1100000000000003                               0.22422708127449850     
   4.1200000000000001                               0.24375874641162656     
   4.1299999999999999                               0.26329178847402157     
   4.1399999999999997                               0.28281865585967769     
   4.1500000000000004                               0.30233176476963569     
   4.1600000000000001                               0.32182350216213335     
   4.1699999999999999                               0.34128622873060244     
   4.1799999999999997                               0.36071228190434501     
   4.1900000000000004                               0.38009397887070734     
   4.2000000000000002                               0.39942361961755823     
   4.2100000000000000                               0.41869348999486511     
   4.2199999999999998                               0.43789586479414977     
   4.2300000000000004                               0.45702301084459412     
   4.2400000000000002                               0.47606719012455567     
   4.2500000000000000                               0.49502066288724128     
   4.2599999999999998                               0.51387569079927864     
   4.2700000000000005                               0.53262454009091531     
   4.2800000000000002                               0.55125948471656516     
   4.2900000000000000                               0.56977280952441567     
   4.2999999999999998                               0.58815681343380022     
   4.3100000000000005                               0.60640381261903153     
   4.3200000000000003                               0.62450614369838831     
   4.3300000000000001                               0.64245616692693763     
   4.3399999999999999                               0.66024626939187214     
   4.3500000000000005                               0.67786886820903525     
   4.3600000000000003                               0.69531641371930175     
   4.3700000000000001                               0.71258139268347997     
   4.3799999999999999                               0.72965633147439468     
   4.3899999999999997                               0.74653379926480967     
   4.4000000000000004                               0.76320641120984489     
   4.4100000000000001                               0.77966683162254169     
   4.4199999999999999                               0.79590777714122907     
   4.4299999999999997                               0.81192201988734158     
   4.4400000000000004                               0.82770239061234130     
   4.4500000000000002                               0.84324178183239473     
   4.4600000000000000                               0.85853315094945781     
   4.4699999999999998                               0.87356952335742355     
   4.4800000000000004                               0.88834399553198851     
   4.4900000000000002                               0.90284973810289737     
   4.5000000000000000                               0.91707999890722791     
   4.5099999999999998                               0.93102810602238240     
   4.5200000000000005                               0.94468747077745718     
   4.5300000000000002                               0.95805159074166435     
   4.5400000000000000                               0.97111405268848860     
   4.5499999999999998                               0.98386853553426501     
   4.5600000000000005                               0.99630881324987286     
   4.5700000000000003                                1.0084287577442463     
   4.5800000000000001                                1.0202223417184118     
   4.5899999999999999                                1.0316836414887673     
   4.6000000000000005                                1.0428068397783345     
   4.6100000000000003                                1.0535862284747146     
   4.6200000000000001                                1.0640162113534983     
   4.6299999999999999                                1.0740913067658839     
   4.6399999999999997                                1.0838061502892720     
   4.6500000000000004                                1.0931554973396178     
   4.6600000000000001                                1.1021342257443314     
   4.6699999999999999                                1.1107373382745309     
   4.6799999999999997                                1.1189599651354676     
   4.6900000000000004                                1.1267973664139537     
   4.7000000000000002                                1.1342449344816405     
   4.7100000000000000                                1.1412981963530071     
   4.7199999999999998                                1.1479528159969357     
   4.7300000000000004                                1.1542045966007697     
   4.7400000000000002                                1.1600494827857593     
   4.7500000000000000                                1.1654835627728235     
   4.7599999999999998                                1.1705030704975719     
   4.7700000000000005                                1.1751043876735470     
   4.7800000000000002                                1.1792840458026670     
   4.7900000000000000                                1.1830387281318695     
   4.7999999999999998                                1.1863652715549722     
   4.8100000000000005                                1.1892606684587910     
   4.8200000000000003                                1.1917220685125716     
   4.8300000000000001                                1.1937467803998163     
   4.8399999999999999                                1.1953322734916043     
   4.8500000000000005                                1.1964761794605281     
   4.8600000000000003                                1.1971762938343911     
   4.8700000000000001                                1.1974305774888312     
   4.8799999999999999                                1.1972371580780607     
   4.8899999999999997                                1.1965943314029361     
   4.9000000000000004                                1.1955005627155908     
   4.9100000000000001                                1.1939544879598956     
   4.9199999999999999                                1.1919549149470279     
   4.9299999999999997                                1.1895008244654608     
   4.9400000000000004                                1.1865913713247069     
   4.9500000000000002                                1.1832258853321762     
   4.9600000000000000                                1.1794038722025337     
   4.9699999999999998                                1.1751250143989707     
   4.9800000000000004                                1.1703891719058253     
   4.9900000000000002                                1.1651963829320200     
   5.0000000000000000                                1.1595468645448070     
   5.0099999999999998                                1.1534410132333413     
   5.0200000000000005                                1.1468794054016282     
   5.0300000000000002                                1.1398627977904225     
   5.0400000000000000                                1.1323921278276783     
   5.0499999999999998                                1.1244685139071846     
   5.0600000000000005                                1.1160932555950458     
   5.0700000000000003                                1.1072678337636941     
   5.0800000000000001                                1.0979939106531533     
   5.0899999999999999                                1.0882733298593017     
   5.1000000000000005                                1.0781081162489072     
   5.1100000000000003                                1.0675004758012445     
   5.1200000000000001                                1.0564527953761262     
   5.1299999999999999                                1.0449676424082168     
   5.1399999999999997                                1.0330477645275202     
   5.1500000000000004                                1.0206960891059720     
   5.1600000000000001                                1.0079157227300863     
   5.1699999999999999                               0.99470995059964828     
   5.1799999999999997                               0.98108223585246368     
   5.1900000000000004                               0.96703621881521640     
   5.2000000000000002                               0.95257571618050851     
   5.2100000000000000                               0.93770472011019168     
   5.2199999999999998                               0.92242739726512835     
   5.2300000000000004                               0.90674808776155114     
   5.2400000000000002                               0.89067130405422035     
   5.2500000000000000                               0.87420172974661037     
   5.2599999999999998                               0.85734421832838459     
   5.2700000000000005                               0.84010379184045125     
   5.2800000000000002                               0.82248563946792175     
   5.2900000000000000                               0.80449511606132362     
   5.2999999999999998                               0.78613774058645136     
   5.3100000000000005                               0.76741919450326823     
   5.3200000000000003                               0.74834532007430177     
   5.3300000000000001                               0.72892211860300737     
   5.3399999999999999                               0.70915574860260289     
   5.3500000000000005                               0.68905252389590754     
   5.3600000000000003                               0.66861891164674880     
   5.3700000000000001                               0.64786153032352944     
   5.3799999999999999                               0.62678714759557697     
   5.3899999999999997                               0.60540267816292703     
   5.4000000000000004                               0.58371518152022062     
   5.4100000000000001                               0.56173185965542505     
   5.4199999999999999                               0.53946005468411540     
   5.4299999999999997                               0.51690724642008401     
   5.4400000000000004                               0.49408104988307089     
   5.4500000000000002                               0.47098921274443856     
   5.4600000000000000                               0.44763961271163988     
   5.4699999999999998                               0.42404025485235702     
   5.4800000000000004                               0.40019926885921520     
   5.4900000000000002                               0.37612490625600214     
   5.5000000000000000                               0.35182553754635076     
   5.5099999999999998                               0.32730964930586848     
   5.5200000000000005                               0.30258584121872206     
   5.5300000000000002                               0.27766282305971279     
   5.5400000000000000                               0.25254941162290168     
   5.5499999999999998                               0.22725452759786885     
   5.5600000000000005                               0.20178719239471571     
   5.5700000000000003                               0.17615652491894229     
   5.5800000000000001                               0.15037173829735603     
   5.5899999999999999                               0.12444213655619069     
   5.6000000000000005                                9.8377111252637275E-002
   5.6100000000000003                                7.2186138061010874E-002
   5.6200000000000001                                4.5878773314798976E-002
   5.6299999999999999                                1.9464650505858296E-002
   5.6399999999999997                               -7.0465232579520129E-003
   5.6500000000000004                               -3.3644970835392703E-002
   5.6600000000000001                               -6.0320848673394191E-002
   5.6699999999999999                               -8.7064250466186252E-002
   5.6799999999999997                              -0.11386521085064140     
   5.6900000000000004                              -0.14071370913644715     
   5.7000000000000002                              -0.16759967306970472     
   5.7100000000000000                              -0.19451298262853411     
   5.7199999999999998                              -0.22144347384924923     
   5.7300000000000004                              -0.24838094268164970     
   5.7400000000000002                              -0.27531514887196123     
   5.7500000000000000                              -0.30223581987194054     
   5.7599999999999998                              -0.32913265477264675     
   5.7700000000000005                              -0.35599532826136698     
   5.7800000000000002                              -0.38281349460017056     
   5.7900000000000000                              -0.40957679162455313     
   5.7999999999999998                              -0.43627484476062084     
   5.8100000000000005                              -0.46289727105925127     
   5.8200000000000003                              -0.48943368324565889     
   5.8300000000000001                              -0.51587369378278081     
   5.8399999999999999                              -0.54220691894688966     
   5.8500000000000005                              -0.56842298291383164     
   5.8600000000000003                              -0.59451152185427758     
   5.8700000000000001                              -0.62046218803636966     
   5.8799999999999999                              -0.64626465393413612     
   5.8899999999999997                              -0.67190861634004317     
   5.9000000000000004                              -0.69738380048004367     
   5.9100000000000001                              -0.72267996412948010     
   5.9199999999999999                              -0.74778690172819284     
   5.9299999999999997                              -0.77269444849318125     
   5.9400000000000004                              -0.79739248452716227     
   5.9500000000000002                              -0.82187093892136753     
   5.9600000000000000                              -0.84611979385091962     
   5.9699999999999998                              -0.87012908866112515     
   5.9800000000000004                              -0.89388892394302277     
   5.9900000000000002                              -0.91738946559652368     
   6.0000000000000000                              -0.94062094887948378     
   6.0099999999999998                              -0.96357368244104724     
   6.0200000000000005                              -0.98623805233760331     
   6.0300000000000002                               -1.0086045260297014     
   6.0400000000000000                               -1.0306636563582734     
   6.0499999999999998                               -1.0524060854985142     
   6.0600000000000005                               -1.0738225488897795     
   6.0700000000000003                               -1.0949038791398620     
   6.0800000000000001                               -1.1156410099020164     
   6.0899999999999999                               -1.1360249797231070     
   6.1000000000000005                               -1.1560469358612637     
   6.1100000000000003                               -1.1756981380714351     
   6.1200000000000001                               -1.1949699623572416     
   6.1299999999999999                               -1.2138539046875365     
   6.1400000000000006                               -1.2323415846760952     
   6.1500000000000004                               -1.2504247492228651     
   6.1600000000000001                               -1.2680952761152167     
   6.1699999999999999                               -1.2853451775876514     
   6.1799999999999997                               -1.3021666038384334     
   6.1900000000000004                               -1.3185518465016259     
   6.2000000000000002                               -1.3344933420730287     
   6.2100000000000000                               -1.3499836752885241     
   6.2199999999999998                               -1.3650155824533587     
   6.2300000000000004                               -1.3795819547209014     
   6.2400000000000002                               -1.3936758413194352     
   6.2500000000000000                               -1.4072904527255601     
   6.2599999999999998                               -1.4204191637827972     
   6.2700000000000005                               -1.4330555167640080     
   6.2800000000000002                               -1.4451932243762591     
   6.2900000000000000                               -1.4568261727067835     
   6.2999999999999998                               -1.4679484241087071     
   6.3100000000000005                               -1.4785542200252355     
   6.3200000000000003                               -1.4886379837510122     
   6.3300000000000001                               -1.4981943231293837     
   6.3399999999999999                               -1.5072180331843303     
   6.3500000000000005                               -1.5157040986858434     
   6.3600000000000003                               -1.5236476966475530     
   6.3700000000000001                               -1.5310441987554366     
   6.3799999999999999                               -1.5378891737264622     
   6.3900000000000006                               -1.5441783895960430     
   6.4000000000000004                               -1.5499078159332129     
   6.4100000000000001                               -1.5550736259824487     
   6.4199999999999999                               -1.5596721987311024     
   6.4299999999999997                               -1.5637001209014245     
   6.4400000000000004                               -1.5671541888661946     
   6.4500000000000002                               -1.5700314104869988     
   6.4600000000000000                               -1.5723290068742239     
   6.4699999999999998                               -1.5740444140678700     
   6.4800000000000004                               -1.5751752846383054     
   6.4900000000000002                               -1.5757194892061275     
   6.5000000000000000                               -1.5756751178803152     
   6.5099999999999998                               -1.5750404816138939     
   6.5200000000000005                               -1.5738141134763630     
   6.5300000000000002                               -1.5719947698421699     
   6.5400000000000000                               -1.5695814314945429     
   6.5499999999999998                               -1.5665733046440300     
   6.5600000000000005                               -1.5629698218611245     
   6.5700000000000003                               -1.5587706429223851     
   6.5800000000000001                               -1.5539756555694999     
   6.5899999999999999                               -1.5485849761807700     
   6.6000000000000005                               -1.5425989503545270     
   6.6100000000000003                               -1.5360181534040283     
   6.6200000000000001                               -1.5288433907634136     
   6.6299999999999999                               -1.5210756983043356     
   6.6400000000000006                               -1.5127163425629166     
   6.6500000000000004                               -1.5037668208767143     
   6.6600000000000001                               -1.4942288614314183     
   6.6699999999999999                               -1.4841044232170326     
   6.6799999999999997                               -1.4733956958933345     
   6.6900000000000004                               -1.4621050995644373     
   6.7000000000000002                               -1.4502352844623203     
   6.7100000000000000                               -1.4377891305392232     
   6.7199999999999998                               -1.4247697469688407     
   6.7300000000000004                               -1.4111804715562895     
   6.7400000000000002                               -1.3970248700568522     
   6.7500000000000000                               -1.3823067354035456     
   6.7599999999999998                               -1.3670300868435912     
   6.7700000000000005                               -1.3511991689839045     
   6.7800000000000002                               -1.3348184507457599     
   6.7900000000000000                               -1.3178926242288165     
   6.7999999999999998                               -1.3004266034847345     
   6.8100000000000005                               -1.2824255232006450     
   6.8200000000000003                               -1.2638947372927707     
   6.8300000000000001                               -1.2448398174105373     
   6.8399999999999999                               -1.2252665513515442     
   6.8500000000000005                               -1.2051809413878063     
   6.8600000000000003                               -1.1845892025037115     
   6.8700000000000001                               -1.1634977605461736     
   6.8799999999999999                               -1.1419132502875013     
   6.8900000000000006                               -1.1198425134015335     
   6.9000000000000004                               -1.0972925963536324     
   6.9100000000000001                               -1.0742707482051581     
   6.9199999999999999                               -1.0507844183330854     
   6.9299999999999997                               -1.0268412540654588     
   6.9400000000000004                               -1.0024490982334147     
   6.9500000000000002                              -0.97761598664053995     
   6.9600000000000000                              -0.95235014545036256     
   6.9699999999999998                              -0.92665998849281195     
   6.9800000000000004                              -0.90055411449051714     
   6.9900000000000002                              -0.87404130420584425     
   7.0000000000000000                              -0.84713051750961044     
   7.0099999999999998                              -0.81983089037244350     
   7.0200000000000005                              -0.79215173177978881     
   7.0300000000000002                              -0.76410252057159922     
   7.0400000000000000                              -0.73569290220777439     
   7.0499999999999998                              -0.70693268546044952     
   7.0600000000000005                              -0.67783183903426303     
   7.0700000000000003                              -0.64840048811576578     
   7.0800000000000001                              -0.61864891085316365     
   7.0899999999999999                              -0.58858753476761705     
   7.1000000000000005                              -0.55822693309734939     
   7.1100000000000003                              -0.52757782107584728     
   7.1200000000000001                              -0.49665105214546323     
   7.1299999999999999                              -0.46545761410776137     
   7.1400000000000006                              -0.43400862521197336     
   7.1500000000000004                              -0.40231533018296034     
   7.1600000000000001                              -0.37038909619010374     
   7.1699999999999999                              -0.33824140875857378     
   7.1799999999999997                              -0.30588386762445119     
   7.1900000000000004                              -0.27332818253520302     
   7.2000000000000002                              -0.24058616899703811     
   7.2100000000000000                              -0.20766974397069271     
   7.2199999999999998                              -0.17459092151722039     
   7.2300000000000004                              -0.14136180839538334     
   7.2400000000000002                              -0.10799459961226554     
   7.2500000000000000                               -7.4501573928749815E-002
   7.2599999999999998                               -4.0895089321522561E-002
   7.2700000000000005                               -7.1875784032906925E-003
   7.2800000000000002                                2.6608456197084344E-002
   7.2900000000000000                                6.0480446492811049E-002
   7.2999999999999998                                9.4415763834007460E-002
   7.3100000000000005                               0.12840172363739405     
   7.3200000000000003                               0.16242559014906066     
   7.3300000000000001                               0.19647458123851116     
   7.3399999999999999                               0.23053587322217317     
   7.3500000000000005                               0.26459660571454452     
   7.3600000000000003                               0.29864388650513352     
   7.3700000000000001                               0.33266479645933567     
   7.3799999999999999                               0.36664639444137570     
   7.3900000000000006                               0.40057572225743188     
   7.4000000000000004                               0.43443980961704642     
   7.4100000000000001                               0.46822567911091512     
   7.4199999999999999                               0.50192035120313905     
   7.4299999999999997                               0.53551084923601044     
   7.4400000000000004                               0.56898420444539644     
   7.4500000000000002                               0.60232746098477574     
   7.4600000000000000                               0.63552768095597589     
   7.4699999999999998                               0.66857194944465193     
   7.4800000000000004                               0.70144737955854086     
   7.4900000000000002                               0.73414111746652133     
   7.5000000000000000                               0.76664034743650356     
   7.5099999999999998                               0.79893229687017064     
   7.5200000000000005                               0.83100424133258866     
   7.5300000000000002                               0.86284350957470290     
   7.5400000000000000                               0.89443748854673299     
   7.5499999999999998                               0.92577362840048250     
   7.5600000000000005                               0.95683944747857608     
   7.5700000000000003                               0.98762253728863947     
   7.5800000000000001                                1.0181105674604392     
   7.5899999999999999                                1.0482912906840012     
   7.6000000000000005                                1.0781525476267313     
   7.6100000000000003                                1.1076822718275645     
   7.6200000000000001                                1.1368684945661736     
   7.6299999999999999                                1.1656993497052759     
   7.6400000000000006                                1.1941630785040820     
   7.6500000000000004                                1.2222480344009361     
   7.6600000000000001                                1.2499426877632100     
   7.6699999999999999                                1.2772356306025154     
   7.6799999999999997                                1.3041155812533152     
   7.6900000000000004                                1.3305713890130213     
   7.7000000000000002                                1.3565920387416770     
   7.7100000000000000                                1.3821666554193366     
   7.7199999999999998                                1.4072845086592667     
   7.7300000000000004                                1.4319350171751057     
   7.7400000000000002                                1.4561077532001339     
   7.7500000000000000                                1.4797924468568218     
   7.7599999999999998                                1.5029789904748383     
   7.7700000000000005                                1.5256574428557192     
   7.7800000000000002                                1.5478180334824123     
   7.7900000000000000                                1.5694511666719333     
   7.7999999999999998                                1.5905474256693861     
   7.8100000000000005                                1.6110975766816218     
   7.8200000000000003                                1.6310925728488277     
   7.8300000000000001                                1.6505235581523612     
   7.8399999999999999                                1.6693818712571651     
   7.8500000000000005                                1.6876590492871213     
   7.8600000000000003                                1.7053468315317246     
   7.8700000000000001                                1.7224371630824817     
   7.8799999999999999                                1.7389221983974645     
   7.8900000000000006                                1.7547943047924719     
   7.9000000000000004                                1.7700460658572801     
   7.9100000000000001                                1.7846702847954896     
   7.9199999999999999                                1.7986599876864995     
   7.9300000000000006                                1.8120084266681724     
   7.9400000000000004                                1.8247090830387795     
   7.9500000000000002                                1.8367556702768431     
   7.9600000000000000                                1.8481421369775242     
   7.9699999999999998                                1.8588626697042356     
   7.9800000000000004                                1.8689116957541865     
   7.9900000000000002                                1.8782838858365984     
   8.0000000000000000                                1.8869741566623672     
   8.0099999999999998                                1.8949776734439714     
   8.0199999999999996                                1.9022898523044658     
   8.0299999999999994                                1.9089063625944307     
   8.0400000000000009                                1.9148231291157802     
   8.0500000000000007                                1.9200363342513682     
   8.0600000000000005                                1.9245424199993661     
   8.0700000000000003                                1.9283380899114206     
   8.0800000000000001                                1.9314203109336372     
   8.0899999999999999                                1.9337863151494685     
   8.0999999999999996                                1.9354336014236269     
   8.1099999999999994                                1.9363599369461750     
   8.1200000000000010                                1.9365633586759878     
   8.1300000000000008                                1.9360421746828140     
   8.1400000000000006                                1.9347949653872076     
   8.1500000000000004                                1.9328205846976356     
   8.1600000000000001                                1.9301181610441080     
   8.1699999999999999                                1.9266870983077162     
   8.1799999999999997                                1.9225270766455036     
   8.1899999999999995                                1.9176380532101349     
   8.1999999999999993                                1.9120202627638674     
   8.2100000000000009                                1.9056742181863728     
   8.2200000000000006                                1.8986007108759932     
   8.2300000000000004                                1.8908008110440597     
   8.2400000000000002                                1.8822758679019433     
   8.2500000000000000                                1.8730275097405471     
   8.2599999999999998                                1.8630576439019917     
   8.2699999999999996                                1.8523684566432870     
   8.2799999999999994                                1.8409624128918265     
   8.2900000000000009                                1.8288422558925812     
   8.3000000000000007                                1.8160110067469133     
   8.3100000000000005                                1.8024719638429705     
   8.3200000000000003                                1.7882287021776668     
   8.3300000000000001                                1.7732850725702962     
   8.3399999999999999                                1.7576452007678682     
   8.3499999999999996                                1.7413134864422986     
   8.3599999999999994                                1.7242946020796284     
   8.3700000000000010                                1.7065934917614904     
   8.3800000000000008                                1.6882153698390816     
   8.3900000000000006                                1.6691657194999441     
   8.4000000000000004                                1.6494502912279017     
   8.4100000000000001                                1.6290751011565370     
   8.4199999999999999                                1.6080464293166403     
   8.4299999999999997                                1.5863708177781042     
   8.4399999999999995                                1.5640550686867742     
   8.4499999999999993                                1.5411062421968180     
   8.4600000000000009                                1.5175316542992063     
   8.4700000000000006                                1.4933388745469500     
   8.4800000000000004                                1.4685357236777721     
   8.4900000000000002                                1.4431302711349414     
   8.5000000000000000                                1.4171308324870302     
   8.5099999999999998                                1.3905459667474018     
   8.5199999999999996                                1.3633844735942762     
   8.5299999999999994                                1.3356553904922577     
   8.5400000000000009                                1.3073679897162556     
   8.5500000000000007                                1.2785317752787602     
   8.5600000000000005                                1.2491564797614851     
   8.5700000000000003                                1.2192520610524198     
   8.5800000000000001                                1.1888286989893762     
   8.5899999999999999                                1.1578967919111547     
   8.5999999999999996                                1.1264669531174913     
   8.6099999999999994                                1.0945500072389831     
   8.6200000000000010                                1.0621569865182308     
   8.6300000000000008                                1.0292991270034728     
   8.6400000000000006                               0.99598786465601952     
   8.6500000000000004                               0.96223483137283483     
   8.6600000000000001                               0.92805185092564846     
   8.6699999999999999                               0.89345093481801474     
   8.6799999999999997                               0.85844427806177104     
   8.6899999999999995                               0.82304425487438160     
   8.7000000000000011                               0.78726341429868674     
   8.7100000000000009                               0.75111447574661039     
   8.7200000000000006                               0.71461032446841155     
   8.7300000000000004                               0.67776400694909733     
   8.7400000000000002                               0.64058872623364593     
   8.7500000000000000                               0.60309783718272025     
   8.7599999999999998                               0.56530484166058104     
   8.7699999999999996                               0.52722338365693988     
   8.7799999999999994                               0.48886724434452039     
   8.7900000000000009                               0.45025033707412432     
   8.8000000000000007                               0.41138670230902696     
   8.8100000000000005                               0.37229050250055357     
   8.8200000000000003                               0.33297601690671458     
   8.8300000000000001                               0.29345763635580302     
   8.8399999999999999                               0.25374985795688232     
   8.8499999999999996                               0.21386727975911737     
   8.8599999999999994                               0.17382459536192471     
   8.8700000000000010                               0.13363658847794052     
   8.8800000000000008                                9.3318127450827557E-002
   8.8900000000000006                                5.2884159729962792E-002
   8.9000000000000004                                1.2349706304068453E-002
   8.9100000000000001                               -2.8270143904131358E-002
   8.9199999999999999                               -6.8960239680127156E-002
   8.9299999999999997                              -0.10970537319459446     
   8.9399999999999995                              -0.15049028571298137     
   8.9500000000000011                              -0.19129967333556008     
   8.9600000000000009                              -0.23211819276577345     
   8.9700000000000006                              -0.27293046710469271     
   8.9800000000000004                              -0.31372109166938861     
   8.9900000000000002                              -0.35447463983300476     
   9.0000000000000000                              -0.39517566888430972     
   9.0099999999999998                              -0.43580872590449254     
   9.0199999999999996                              -0.47635835365895673     
   9.0299999999999994                              -0.51680909650185625     
   9.0400000000000009                              -0.55714550629110982     
   9.0500000000000007                              -0.59735214831162042     
   9.0600000000000005                              -0.63741360720442053     
   9.0700000000000003                              -0.67731449289945733     
   9.0800000000000001                              -0.71703944654972551     
   9.0899999999999999                              -0.75657314646445240     
   9.0999999999999996                              -0.79590031403903549     
   9.1099999999999994                              -0.83500571967942971     
   9.1200000000000010                              -0.87387418871868028     
   9.1300000000000008                              -0.91249060732329579     
   9.1400000000000006                              -0.95083992838715636     
   9.1500000000000004                              -0.98890717741065182     
   9.1600000000000001                               -1.0266774583627474     
   9.1699999999999999                               -1.0641359595236772     
   9.1799999999999997                               -1.1012679593059682     
   9.1899999999999995                               -1.1380588320515026     
   9.2000000000000011                               -1.1744940538023325     
   9.2100000000000009                               -1.2105592080429657     
   9.2200000000000006                               -1.2462399914118492     
   9.2300000000000004                               -1.2815222193797855     
   9.2400000000000002                               -1.3163918318930254     
   9.2500000000000000                               -1.3508348989787904     
   9.2599999999999998                               -1.3848376263109885     
   9.2699999999999996                               -1.4183863607339011     
   9.2799999999999994                               -1.4514675957416279     
   9.2900000000000009                               -1.4840679769110914     
   9.3000000000000007                               -1.5161743072864187     
   9.3100000000000005                               -1.5477735527125314     
   9.3200000000000003                               -1.5788528471157892     
   9.3300000000000001                               -1.6093994977295549     
   9.3399999999999999                               -1.6394009902625599     
   9.3499999999999996                               -1.6688449940079726     
   9.3599999999999994                               -1.6977193668910890     
   9.3700000000000010                               -1.7260121604535874     
   9.3800000000000008                               -1.7537116247723070     
   9.3900000000000006                               -1.7808062133105367     
   9.4000000000000004                               -1.8072845876998171     
   9.4100000000000001                               -1.8331356224502908     
   9.4199999999999999                               -1.8583484095876504     
   9.4299999999999997                               -1.8829122632147679     
   9.4399999999999995                               -1.9068167239961105     
   9.4500000000000011                               -1.9300515635630742     
   9.4600000000000009                               -1.9526067888383982     
   9.4700000000000006                               -1.9744726462778461     
   9.4800000000000004                               -1.9956396260273730     
   9.4900000000000002                               -2.0160984659940273     
   9.5000000000000000                               -2.0358401558288639     
   9.5099999999999998                               -2.0548559408201785     
   9.5199999999999996                               -2.0731373256954053     
   9.5299999999999994                               -2.0906760783300520     
   9.5400000000000009                               -2.1074642333620814     
   9.5500000000000007                               -2.1234940957101780     
   9.5600000000000005                               -2.1387582439943795     
   9.5700000000000003                               -2.1532495338575841     
   9.5800000000000001                               -2.1669611011864798     
   9.5899999999999999                               -2.1798863652304838     
   9.5999999999999996                               -2.1920190316173116     
   9.6099999999999994                               -2.2033530952638345     
   9.6200000000000010                               -2.2138828431809277     
   9.6300000000000008                               -2.2236028571710404     
   9.6400000000000006                               -2.2325080164172717     
   9.6500000000000004                               -2.2405934999627624     
   9.6600000000000001                               -2.2478547890792653     
   9.6699999999999999                               -2.2542876695237895     
   9.6799999999999997                               -2.2598882336822603     
   9.6899999999999995                               -2.2646528825991776     
   9.7000000000000011                               -2.2685783278922962     
   9.7100000000000009                               -2.2716615935513969     
   9.7200000000000006                               -2.2739000176202615     
   9.7300000000000004                               -2.2752912537610035     
   9.7400000000000002                               -2.2758332726999564     
   9.7500000000000000                               -2.2755243635543643     
   9.7599999999999998                               -2.2743631350391627     
   9.7699999999999996                               -2.2723485165531843     
   9.7799999999999994                               -2.2694797591441702     
   9.7900000000000009                               -2.2657564363520146     
   9.8000000000000007                               -2.2611784449297119     
   9.8100000000000005                               -2.2557460054415288     
   9.8200000000000003                               -2.2494596627379657     
   9.8300000000000001                               -2.2423202863071219     
   9.8399999999999999                               -2.2343290705021213     
   9.8499999999999996                               -2.2254875346443121     
   9.8599999999999994                               -2.2157975230019922     
   9.8700000000000010                               -2.2052612046444633     
   9.8800000000000008                               -2.1938810731712697     
   9.8900000000000006                               -2.1816599463165143     
   9.9000000000000004                               -2.1686009654282064     
   9.9100000000000001                               -2.1547075948226349     
   9.9199999999999999                               -2.1399836210138083     
   9.9299999999999997                               -2.1244331518180624     
   9.9399999999999995                               -2.1080606153339674     
   9.9500000000000011                               -2.0908707587977342     
   9.9600000000000009                               -2.0728686473143516     
   9.9700000000000006                               -2.0540596624647458     
   9.9800000000000004                               -2.0344495007892949     
   9.9900000000000002                               -2.0140441721480844     
   10.000000000000000                               -1.9928499979583372     
