 0.                         0.
 0.02                         0.0003739065447927661
 0.04                         0.001494505037318927
 0.06                         0.0033584346568114234
 0.08                         0.005960102446767088
 0.1                         0.009291695914313832
 0.12                         0.013343200633942018
 0.14                         0.018102422820297396
 0.16                         0.023555016824760557
 0.18                         0.029684517500650664
 0.2                         0.03647237737210797
 0.22                         0.04389800853204855
 0.24                         0.05193882918506435
 0.26                         0.060570314741779555
 0.28                         0.06976605336198867
 0.3                         0.07949780583490935
 0.32                         0.08973556967610134
 0.34                         0.1004476473120484
 0.36                         0.11160071821508902
 0.38                         0.12315991484332948
 0.4                         0.1350889022323958
 0.42                         0.14734996107839235
 0.44                         0.15990407414425045
 0.46                         0.17271101581478313
 0.48                         0.18572944461922478
 0.5                         0.1989169985338408
 0.52                         0.21223039287135317
 0.54                         0.2256255205584553
 0.56                         0.23905755459759281
 0.58                         0.25248105250447883
 0.6                         0.2658500625084982
 0.62                         0.2791182312992464
 0.64                         0.2922389130989535
 0.66                         0.30516527983746494
 0.68                         0.3178504322038009
 0.7000000000000001                         0.33024751134609415
 0.72                         0.3423098109899231
 0.74                         0.35399088974371
 0.76                         0.365244683358954
 0.78                         0.3760256167126092
 0.8                         0.38628871527890957
 0.8200000000000001                         0.3959897158583767
 0.84                         0.40508517633263175
 0.86                         0.41353258421496086
 0.88                         0.42129046376835866
 0.9                         0.42831848146498724
 0.92                         0.4345775495636444
 0.9400000000000001                         0.44002992758491966
 0.96                         0.44463932146723395
 0.98                         0.4483709801908984
 1.                         0.4511917896616817
 1.02                         0.45307036365014186
 1.04                         0.4539771315881419
 1.06                         0.45388442302952803
 1.08                         0.45276654858788684
 1.1                         0.45059987717061123
 1.12                         0.4473629093351759
 1.1400000000000001                         0.4430363466005466
 1.16                         0.4376031565540036
 1.18                         0.43104863360134577
 1.2                         0.42336045521642957
 1.22                         0.4145287335542909
 1.24                         0.404546062300663
 1.26                         0.3934075586395426
 1.28                         0.3811109002295396
 1.3                         0.36765635708906746
 1.32                         0.3530468182999648
 1.34                         0.3372878134488778
 1.36                         0.3203875287356488
 1.3800000000000001                         0.30235681768804007
 1.4000000000000001                         0.2832092064323498
 1.42                         0.2629608934798323
 1.44                         0.24163074399929912
 1.46                         0.21924027855682993
 1.48                         0.19581365631414668
 1.5                         0.17137765268787675
 1.52                         0.14596163148263622
 1.54                         0.11959751152158048
 1.56                         0.09231972780877598
 1.58                         0.06416518726842638
 1.6                         0.035173219116617006
 1.62                         0.005385519931804635
 1.6400000000000001                         -0.02515390649924527
 1.6600000000000001                         -0.05639881447300299
 1.68                         -0.08830078670088831
 1.7                         -0.12080930957374478
 1.72                         -0.15387185324173439
 1.74                         -0.1874339563825643
 1.76                         -0.2214393155214115
 1.78                         -0.2558298787565845
 1.8                         -0.2905459437358732
 1.82                         -0.32552625971970567
 1.84                         -0.3607081335586671
 1.86                         -0.39602753940466745
 1.8800000000000001                         -0.43141923196707344
 1.9000000000000001                         -0.46681686311747533
 1.92                         -0.5021531016394459
 1.94                         -0.5373597559126871
 1.96                         -0.5723678993143609
 1.98                         -0.6071079981141788
 2.                         -0.6415100416339918
 2.02                         -0.6755036744371913
 2.04                         -0.7090183303082118
 2.06                         -0.7419833677778321
 2.08                         -0.7743282069458044
 2.1                         -0.8059824673486244
 2.12                         -0.8368761066169806
 2.14                         -0.8669395596646068
 2.16                         -0.8961038781479141
 2.18                         -0.9243008699338983
 2.2                         -0.9514632383124108
 2.22                         -0.9775247206879619
 2.24                         -1.0024202264857758
 2.2600000000000002                         -1.026085974006862
 2.2800000000000002                         -1.0484596259673986
 2.3000000000000003                         -1.069480423458735
 2.32                         -1.0890893180658279
 2.34                         -1.1072291018839158
 2.36                         -1.123844535175708
 2.38                         -1.1388824714143253
 2.4                         -1.1522919794606605
 2.42                         -1.164024462627739
 2.44                         -1.1740337743890323
 2.46                         -1.182276330492524
 2.48                         -1.1887112172476115
 2.5                         -1.193300295757684
 2.52                         -1.196008301877381
 2.54                         -1.1968029416801644
 2.56                         -1.1956549822288496
 2.58                         -1.1925383374491925
 2.6                         -1.187430148914456
 2.62                         -1.1803108613570994
 2.64                         -1.1711642927323216
 2.66                         -1.1599776986671362
 2.68                         -1.1467418311379418
 2.7                         -1.1314509912291641
 2.72                         -1.114103075835471
 2.74                         -1.0946996181802813
 2.7600000000000002                         -1.0732458220337824
 2.7800000000000002                         -1.0497505895244277
 2.8000000000000003                         -1.0242265424488812
 2.82                         -0.9966900369965945
 2.84                         -0.9671611718166275
 2.86                         -0.9356637893659276
 2.88                         -0.9022254704900559
 2.9                         -0.8668775221992618
 2.92                         -0.8296549586148492
 2.94                         -0.7905964750729126
 2.96                         -0.7497444153847527
 2.98                         -0.7071447322655524
 3.                         -0.662846940955226
 3.02                         -0.6169040660676827
 3.04                         -0.5693725817170854
 3.06                         -0.5203123449819875
 3.08                         -0.46978652278049
 3.1                         -0.41786151224174645
 3.12                         -0.3646068546712413
 3.14                         -0.3100951432192442
 3.16                         -0.2544019243736906
 3.18                         -0.19760559341042733
 3.2                         -0.1397872839452706
 3.22                         -0.08103075174363589
 3.24                         -0.021422252954590465
 3.2600000000000002                         0.038949583052970776
 3.2800000000000002                         0.09999388606373448
 3.3000000000000003                         0.1616176824003611
 3.3200000000000003                         0.22372603711024733
 3.34                         0.286222200736353
 3.36                         0.34900776044442966
 3.38                         0.41198279526998666
 3.4                         0.4750460352396988
 3.42                         0.5380950241137176
 3.44                         0.6010262854875095
 3.46                         0.6637354919844253
 3.48                         0.7261176372632203
 3.5                         0.7880672105582098
 3.52                         0.8494783734636665
 3.54                         0.9102451386684706
 3.56                         0.970261550341905
 3.58                         1.0294218658668721
 3.6                         1.0876207386126981
 3.62                         1.1447534014360954
 3.64                         1.2007158505957873
 3.66                         1.2554050297637587
 3.68                         1.3087190138141
 3.7                         1.3605571920689612
 3.72                         1.4108204506802249
 3.74                         1.4594113538251619
 3.7600000000000002                         1.5062343233945366
 3.7800000000000002                         1.5511958168523987
 3.8000000000000003                         1.5942045029481198
 3.8200000000000003                         1.6351714349631208
 3.84                         1.6740102211771788
 3.86                         1.7106371922422061
 3.88                         1.7449715651549473
 3.9                         1.7769356035241473
 3.92                         1.8064547738323975
 3.94                         1.8334578973980593
 3.96                         1.857877297748388
 3.98                         1.879648943121238
 4.                         1.898712583819496
 4.0200000000000005                         1.9150118841496695
 4.04                         1.9284945486838343
 4.0600000000000005                         1.939112442592408
 4.08                         1.9468217058039552
 4.1                         1.9515828607574266
 4.12                         1.9533609135218877
 4.14                         1.9521254480688686
 4.16                         1.9478507134929681
 4.18                         1.9405157039872465
 4.2                         1.9301042313912247
 4.22                         1.9166049901409663
 4.24                         1.9000116144627128
 4.26                         1.880322727663884
 4.28                         1.8575419833878895
 4.3                         1.8316780987121357
 4.32                         1.802744878981814
 4.34                         1.7707612342855015
 4.36                         1.7357511874922897
 4.38                         1.6977438737840274
 4.4                         1.656773531630334
 4.42                         1.6128794851682537
 4.44                         1.566106117962775
 4.46                         1.5165028381389072
 4.48                         1.4641240348905529
 4.5                         1.409029026386034
 4.5200000000000005                         1.3512819991047733
 4.54                         1.290951938654306
 4.5600000000000005                         1.228112552131439
 4.58                         1.1628421821060013
 4.6000000000000005                         1.0952237123201745
 4.62                         1.025344465210869
 4.64                         0.9532960913769619
 4.66                         0.8791744511274358
 4.68                         0.8030794882605189
 4.7                         0.7251150962378033
 4.72                         0.6453889769309803
 4.74                         0.5640124921322681
 4.76                         0.48110050803278304
 4.78                         0.3967712328859997
 4.8                         0.3111460480860394
 4.82                         0.22434933290279338
 4.84                         0.13650828312780575
 4.86                         0.047752723896393304
 4.88                         -0.0417850830373629
 4.9                         -0.13197063728536795
 4.92                         -0.22266740277230204
 4.94                         -0.31373701533687354
 4.96                         -0.40503949467056244
 4.98                         -0.4964334602679635
 5.                         -0.5877763510544277
 5.0200000000000005                         -0.6789246483488068
 5.04                         -0.7697341018117464
 5.0600000000000005                         -0.8600599580231663
 5.08                         -0.9497571913263176
 5.1000000000000005                         -1.0386807365701387
 5.12                         -1.126685723376545
 5.14                         -1.2136277115548104
 5.16                         -1.2993629272813152
 5.18                         -1.3837484996596834
 5.2                         -1.4666426972737
 5.22                         -1.5479051643433963
 5.24                         -1.627397156093339
 5.26                         -1.7049817729414332
 5.28                         -1.7805241931164935
 5.3                         -1.8538919033134063
 5.32                         -1.9249549269959536
 5.34                         -1.993586049959251
 5.36                         -2.0596610427662903
 5.38                         -2.123058879676279
 5.4                         -2.183661953686297
 5.42                         -2.2413562873122888
 5.44                         -2.296031738740526
 5.46                         -2.347582202986438
 5.48                         -2.395905807704102
 5.5                         -2.44090510329668
 5.5200000000000005                         -2.4824872469857144
 5.54                         -2.5205641805054175
 5.5600000000000005                         -2.555052801096882
 5.58                         -2.5858751254865395
 5.6000000000000005                         -2.6129584465431304
 5.62                         -2.6362354823179577
 5.64                         -2.6556445171842187
 5.66                         -2.671129534802766
 5.68                         -2.682640342653706
 5.7                         -2.6901326878857668
 5.72                         -2.6935683642483896
 5.74                         -2.6929153098849232
 5.76                         -2.6881476957791923
 5.78                         -2.6792460046619753
 5.8                         -2.666197100198595
 5.82                         -2.648994286293837
 5.84                         -2.62763735636577
 5.86                         -2.602132632455709
 5.88                         -2.5724929940575167
 5.9                         -2.538737896565657
 5.92                         -2.500893379257865
 5.94                         -2.458992062744976
 5.96                         -2.413073135837289
 5.98                         -2.3631823317938636
 6.                         -2.309371893938277
 6.0200000000000005                         -2.2517005306416147
 6.04                         -2.1902333596907813
 6.0600000000000005                         -2.1250418420775734
 6.08                         -2.0562037052613507
 6.1000000000000005                         -1.9838028559754954
 6.12                         -1.9079292826651917
 6.140000000000001                         -1.8286789476613148
 6.16                         -1.7461536692123896
 6.18                         -1.6604609935136188
 6.2                         -1.5717140568888752
 6.22                         -1.4800314382982576
 6.24                         -1.3855370023603122
 6.26                         -1.288359733094284
 6.28                         -1.1886335586037606
 6.3                         -1.0864971669387782
 6.32                         -0.9820938133888472
 6.34                         -0.8755711194743989
 6.36                         -0.7670808639188265
 6.38                         -0.6567787658975676
 6.4                         -0.5448242608745363
 6.42                         -0.4313802693496143
 6.44                         -0.31661295885385754
 6.46                         -0.2006914995415185
 6.48                         -0.08378781373992233
 6.5                         0.033923680170370354
 6.5200000000000005                         0.15226632916183605
 6.54                         0.27106151185915417
 6.5600000000000005                         0.3901289093280524
 6.58                         0.5092867799415602
 6.6000000000000005                         0.6283522379029725
 6.62                         0.7471415349970424
 6.640000000000001                         0.8654703451338059
 6.66                         0.9831540512429939
 6.68                         1.1000080340712348
 6.7                         1.2158479624291947
 6.72                         1.3304900844314618
 6.74                         1.4437515192683579
 6.76                         1.5554505490459705
 6.78                         1.6654069102285454
 6.8                         1.7734420842159695
 6.82                         1.8793795865884122
 6.84                         1.9830452545502875
 6.86                         2.0842675321065456
 6.88                         2.182877752505908
 6.9                         2.2787104174880213
 6.92                         2.3716034728746234
 6.94                         2.4613985800486935
 6.96                         2.547941382870172
 6.98                         2.63108176958221
 7.                         2.7106741292680234
 7.0200000000000005                         2.786577602425258
 7.04                         2.8586563252323502
 7.0600000000000005                         2.9267796670896433
 7.08                         2.9908224610270113
 7.1000000000000005                         3.050665226579419
 7.12                         3.1061943847422073
 7.140000000000001                         3.1573024646289185
 7.16                         3.2038883014661512
 7.18                         3.245857225572239
 7.2                         3.2831212419794773
 7.22                         3.315599200373138
 7.24                         3.3432169550346167
 7.26                         3.365907514490715
 7.28                         3.38361118058624
 7.3                         3.3962756767128304
 7.32                         3.403856264943093
 7.34                         3.406315851835808
 7.36                         3.403625082695057
 7.38                         3.3957624240836406
 7.4                         3.3827142344090637
 7.42                         3.36447482241862
 7.44                         3.3410464934587094
 7.46                         3.3124395833724214
 7.48                         3.2786724799285833
 7.5                         3.2397716316948997
 7.5200000000000005                         3.1957715442874326
 7.54                         3.146714763948493
 7.5600000000000005                         3.0926518484249774
 7.58                         3.033641325139271
 7.6000000000000005                         2.969749636665018
 7.62                         2.901051073540292
 7.640000000000001                         2.8276276944709524
 7.66                         2.749569233997229
 7.68                         2.6669729977167815
 7.7                         2.57994374517762
 7.72                         2.4885935605742975
 7.74                         2.393041711400687
 7.76                         2.2934144952323696
 7.78                         2.189845074831182
 7.8                         2.082473301783762
 7.82                         1.9714455289049415
 7.84                         1.8569144116555614
 7.86                         1.7390386988426818
 7.88                         1.6179830128881802
 7.9                         1.4939176199693893
 7.92                         1.3670181903526424
 7.94                         1.2374655492573774
 7.96                         1.105445418604747
 7.98                         0.9711481500204859
 8.                         0.8347684494770473
 8.02                         0.6965050939747373
 8.040000000000001                         0.5565606406756957
 8.06                         0.4151411289180995
 8.08                         0.2724557755508496
 8.1                         0.12871666404124094
 8.120000000000001                         -0.015861572180322508
 8.14                         -0.16106207166364253
 8.16                         -0.3066660716849938
 8.18                         -0.4524532393018519
 8.2                         -0.5982020062129235
 8.22                         -0.7436899069124281
 8.24                         -0.8886939196204608
 8.26                         -1.0329908094649571
 8.28                         -1.1763574733852666
 8.3                         -1.3185712862226635
 8.32                         -1.4594104474592635
 8.34                         -1.598654328063805
 8.36                         -1.7360838169005888
 8.38                         -1.8714816661565545
 8.4                         -2.004632835241026
 8.42                         -2.13532483261306
 8.44                         -2.2633480549926186
 8.46                         -2.388496123413917
 8.48                         -2.510566215582306
 8.5                         -2.629359393999929
 8.52                         -2.744680929330099
 8.540000000000001                         -2.8563406184759526
 8.56                         -2.96415309685535
 8.58                         -3.0679381443612734
 8.6                         -3.167520984505085
 8.620000000000001                         -3.26273257624893
 8.64                         -3.3534098980433145
 8.66                         -3.439396223596429
 8.68                         -3.520541388913107
 8.700000000000001                         -3.596702050153402
 8.72                         -3.667741931873607
 8.74                         -3.7335320652261283
 8.76                         -3.793951015708898
 8.78                         -3.848885100070018
 8.8                         -3.898228591988969
 8.82                         -3.941883916172038
 8.84                         -3.9797618305165514
 8.86                         -4.01178159601603
 8.88                         -4.037871134096511
 8.9                         -4.057967171092916
 8.92                         -4.072015369593563
 8.94                         -4.079970446400552
 8.96                         -4.081796276873931
 8.98                         -4.077465985448076
 9.                         -4.066962022129738
 9.02                         -4.050276224808488
 9.040000000000001                         -4.027409867232017
 9.06                         -3.9983736925207087
 9.08                         -3.9631879321181196
 9.1                         -3.9218823100965396
 9.120000000000001                         -3.8744960327594367
 9.14                         -3.821077763505461
 9.16                         -3.7616855829416522
 9.18                         -3.696386934256568
 9.200000000000001                         -3.6252585538871656
 9.22                         -3.548386387536429
 9.24                         -3.465865491621856
 9.26                         -3.3777999202580014
 9.28                         -3.2843025978992597
 9.3                         -3.185495177791938
 9.32                         -3.081507886407372
 9.34                         -2.972479354050336
 9.36                         -2.8585564318592755
 9.38                         -2.7398939954368875
 9.4                         -2.6166547353712604
 9.42                         -2.489008934929151
 9.44                         -2.3571342352239437
 9.46                         -2.221215388181402
 9.48                         -2.0814439976464616
 9.5                         -1.938018248993942
 9.52                         -1.7911426276252085
 9.540000000000001                         -1.6410276267514057
 9.56                         -1.4878894448819122
 9.58                         -1.3319496734540968
 9.6                         -1.1734349750572413
 9.620000000000001                         -1.0125767527196432
 9.64                         -0.8496108107433494
 9.66                         -0.6847770075857175
 9.68                         -0.5183189013009942
 9.700000000000001                         -0.35048338806834445
 9.72                         -0.1815203343452062
 9.74                         -0.011682203196502918
 9.76                         0.15877632463894797
 9.78                         0.32959873437351506
 9.8                         0.500527064906904
 9.82                         0.6713023000847392
 9.84                         0.8416647628836084
 9.86                         1.011354511920191
 9.88                         1.1801117396765988
 9.9                         1.3476771718295049
 9.92                         1.5137924670670262
 9.94                         1.6782006167746724
 9.96                         1.840646343969973
 9.98                         2.000876500864674
 10.                         2.1586404644336272
