 0.                         0.
 0.02                         0.000002493188026608578
 0.04                         0.000019935162601350016
 0.06                         0.00006722988190731359
 0.08                         0.00015919174954304443
 0.1                         0.00031050108943815613
 0.12                         0.000535659922850412
 0.14                         0.0008489481471952114
 0.16                         0.0012643802156525148
 0.18                         0.00179566241549171
 0.2                         0.002456150841853658
 0.22                         0.003258810162333413
 0.24                         0.004216173266119536
 0.26                         0.005340301889669467
 0.28                         0.006642748308938501
 0.3                         0.008134518186036135
 0.32                         0.009826034655862048
 0.34                         0.011727103735779067
 0.36                         0.013846881138716863
 0.38                         0.0161938405672729
 0.4                         0.018775743563391553
 0.42                         0.021599610985064098
 0.44                         0.024671696178207237
 0.46                         0.02799745990845231
 0.48                         0.03158154711401768
 0.5                         0.03542776553714994
 0.52                         0.03953906628781214
 0.54                         0.04391752638937694
 0.56                         0.048564333352056455
 0.58                         0.05347977181567624
 0.6                         0.058663212299186515
 0.62                         0.06411310209000713
 0.64                         0.06982695830193178
 0.66                         0.07580136312588086
 0.68                         0.08203196129329818
 0.7000000000000001                         0.0885134597674446
 0.72                         0.09523962967325889
 0.74                         0.10220331047184221
 0.76                         0.10939641638098645
 0.78                         0.11680994503851658
 0.8                         0.12443398840056252
 0.8200000000000001                         0.1322577458622259
 0.84                         0.14026953958346947
 0.86                         0.14845683199844234
 0.88                         0.15680624548187005
 0.9                         0.16530358414159427
 0.92                         0.17393385770185155
 0.9400000000000001                         0.1826813074374427
 0.96                         0.19152943411457235
 0.98                         0.20046102788984044
 1.                         0.20945820011465394
 1.02                         0.21850241698820258
 1.04                         0.22757453499811967
 1.06                         0.23665483808403148
 1.08                         0.24572307645539782
 1.1                         0.2547585069913664
 1.12                         0.26373993514681504
 1.1400000000000001                         0.2726457582853433
 1.16                         0.2814540103567061
 1.18                         0.2901424078330641
 1.2                         0.29868839681546555
 1.22                         0.307069201219173
 1.24                         0.31526187194382177
 1.26                         0.3232433369319384
 1.28                         0.3309904520170731
 1.3                         0.33848005246070606
 1.32                         0.3456890050751844
 1.34                         0.35259426082823553
 1.36                         0.35917290782308775
 1.3800000000000001                         0.3654022245469144
 1.4000000000000001                         0.3712597332792072
 1.42                         0.37672325355077774
 1.44                         0.3817709555433901
 1.46                         0.38638141331953907
 1.48                         0.39053365777161503
 1.5                         0.39420722917963197
 1.52                         0.39738222926684885
 1.54                         0.400039372642979
 1.56                         0.4021600375252623
 1.58                         0.40372631562846967
 1.6                         0.40472106111591555
 1.62                         0.40512793850477374
 1.6400000000000001                         0.4049314694204208
 1.6600000000000001                         0.40411707809616987
 1.68                         0.4026711355166013
 1.7                         0.4005810021047439
 1.72                         0.3978350688556091
 1.74                         0.3944227968210237
 1.76                         0.39033475485334596
 1.78                         0.38556265551847463
 1.8                         0.3800993890915722
 1.82                         0.3739390555521129
 1.84                         0.3670769944982292
 1.86                         0.3595098129038642
 1.8800000000000001                         0.35123541064592934
 1.9000000000000001                         0.3422530037325205
 1.92                         0.33256314516724306
 1.94                         0.3221677433888416
 1.96                         0.31107007822960747
 1.98                         0.299274814340445
 2.                         0.2867880120350041
 2.02                         0.2736171355099274
 2.04                         0.25977105840300546
 2.06                         0.2452600666558726
 2.08                         0.2300958586528066
 2.1                         0.2142915426122011
 2.12                         0.19786163121235764
 2.14                         0.18082203343838227
 2.16                         0.16319004364216116
 2.18                         0.14498432781262222
 2.2                         0.12622490705875408
 2.22                         0.1069331383131427
 2.24                         0.08713169226908701
 2.2600000000000002                         0.06684452856966173
 2.2800000000000002                         0.04609686827239518
 2.3000000000000003                         0.024915163618514934
 2.32                         0.0033270651409737103
 2.34                         -0.018638613849307543
 2.36                         -0.04095193535436233
 2.38                         -0.06358187730752443
 2.4                         -0.08649637666439239
 2.42                         -0.10966237490662008
 2.44                         -0.13304586589383505
 2.46                         -0.15661194599417336
 2.48                         -0.1803248664192076
 2.5                         -0.20414808768444323
 2.52                         -0.22804433611207606
 2.54                         -0.25197566228834967
 2.56                         -0.2759035013836332
 2.58                         -0.2997887352392671
 2.6                         -0.3235917561213038
 2.62                         -0.34727253203751013
 2.64                         -0.37079067351040684
 2.66                         -0.3941055016957039
 2.68                         -0.417176117732256
 2.7                         -0.43996147320661744
 2.72                         -0.4624204416124267
 2.74                         -0.4845118906822013
 2.7600000000000002                         -0.5061947554666839
 2.7800000000000002                         -0.5274281120346509
 2.8000000000000003                         -0.5481712516640849
 2.82                         -0.568383755393822
 2.84                         -0.588025568803225
 2.86                         -0.6070570768860978
 2.88                         -0.6254391788839632
 2.9                         -0.6431333629429591
 2.92                         -0.6601017804579918
 2.94                         -0.6763073199674012
 2.96                         -0.6917136804612584
 2.98                         -0.7062854439665247
 3.                         -0.7199881472726564
 3.02                         -0.7327883526618387
 3.04                         -0.7446537175088851
 3.06                         -0.7555530626169276
 3.08                         -0.765456439156369
 3.1                         -0.7743351940761489
 3.12                         -0.7821620338582054
 3.14                         -0.7889110864880812
 3.16                         -0.7945579615169326
 3.18                         -0.7990798080927374
 3.2                         -0.8024553708412757
 3.22                         -0.8046650434804596
 3.24                         -0.8056909200548116
 3.2600000000000002                         -0.8055168436803405
 3.2800000000000002                         -0.804128452693723
 3.3000000000000003                         -0.8015132241035675
 3.3200000000000003                         -0.7976605142456102
 3.34                         -0.7925615965479644
 3.36                         -0.7862096963170018
 3.38                         -0.7786000224590899
 3.4                         -0.7697297960582308
 3.42                         -0.7595982757346325
 3.44                         -0.7482067797143978
 3.46                         -0.7355587045458147
 3.48                         -0.7216595404031813
 3.5                         -0.7065168829246771
 3.52                         -0.690140441536505
 3.54                         -0.6725420442213474
 3.56                         -0.6537356386951158
 3.58                         -0.6337372899620001
 3.6                         -0.6125651742239425
 3.62                         -0.5902395691268515
 3.64                         -0.566782840332133
 3.66                         -0.5422194244084338
 3.68                         -0.5165758080448506
 3.7                         -0.48988050359325536
 3.72                         -0.4621640209538096
 3.74                         -0.4334588358241683
 3.7600000000000002                         -0.4037993543393113
 3.7800000000000002                         -0.3732218741353621
 3.8000000000000003                         -0.34176454187715744
 3.8200000000000003                         -0.30946730729570165
 3.84                         -0.27637187378796857
 3.86                         -0.24252164563778444
 3.88                         -0.20796167192273596
 3.9                         -0.1727385871781754
 3.92                         -0.1369005488954406
 3.94                         -0.10049717193735072
 3.96                         -0.06357945995987534
 3.98                         -0.026199733934589662
 4.                         0.011588442127885323
 4.0200000000000005                         0.049730338147814176
 4.04                         0.08817013752871153
 4.0600000000000005                         0.12685101917606748
 4.08                         0.16571524186139755
 4.1                         0.20470423080579608
 4.12                         0.24375866635257587
 4.14                         0.28281857459417803
 4.16                         0.321823419814343
 4.18                         0.3607121986025545
 4.2                         0.39942353549401177
 4.22                         0.4378957799848563
 4.24                         0.47606710476909014
 4.26                         0.5138756050405737
 4.28                         0.5512593987006934
 4.3                         0.5881567273097474
 4.32                         0.6245060576178177
 4.34                         0.660246183508881
 4.36                         0.6953163281901686
 4.38                         0.7296562464573206
 4.4                         0.7632063268646861
 4.42                         0.7959076936292233
 4.44                         0.8277023080958278
 4.46                         0.8585330695915911
 4.48                         0.8883439154964475
 4.5                         0.9170799203579189
 4.5200000000000005                         0.9446873938782129
 4.54                         0.9711139776027636
 4.5600000000000005                         0.9963087401404352
 4.58                         1.0202222707470319
 4.6000000000000005                         1.0428067711054712
 4.62                         1.0640161451379841
 4.64                         1.0838060866879964
 4.66                         1.1021341649119238
 4.68                         1.1189599072239804
 4.7                         1.1342448796402327
 4.72                         1.1479527643715568
 4.74                         1.1600494345188368
 4.76                         1.1705030257277
 4.78                         1.1792840046642983
 4.8                         1.186365234178113
 4.82                         1.1917220350224826
 4.84                         1.1953322440085048
 4.86                         1.1971762684731688
 4.88                         1.1972371369479884
 4.9                         1.195500545920049
 4.92                         1.1919549025832354
 4.94                         1.186591363483459
 4.96                         1.1794038689679482
 4.98                         1.1703891733550984
 5.                         1.1595468707479784
 5.0200000000000005                         1.146879416421356
 5.04                         1.1323921437190256
 5.0600000000000005                         1.1160932764052778
 5.08                         1.0979939364215452
 5.1000000000000005                         1.0781081470065659
 5.12                         1.056452831145824
 5.14                         1.033047805323541
 5.16                         1.0079157685580868
 5.18                         0.9810822867093468
 5.2                         0.9525757720543124
 5.22                         0.9224274581349297
 5.24                         0.8906713698900525
 5.26                         0.8573442890911717
 5.28                         0.8224857151094279
 5.3                         0.7861378210492462
 5.32                         0.7483454052917423
 5.34                         0.7091558384988311
 5.36                         0.6686190061367066
 5.38                         0.6267872465850374
 5.4                         0.5837152849058365
 5.42                         0.5394601623534843
 5.44                         0.49408116171481786
 5.46                         0.44763972857551687
 5.48                         0.4001993886162176
 5.5                         0.3518256610488513
 5.5200000000000005                         0.3025859683106216
 5.54                         0.252549542139797
 5.5600000000000005                         0.20178732616408424
 5.58                         0.15037187513875705
 5.6000000000000005                         0.09837725097792996
 5.62                         0.04587891572837659
 5.64                         -0.007046378358911819
 5.66                         -0.06032070149866331
 5.68                         -0.11386506161665964
 5.7                         -0.1675995219992831
 5.72                         -0.22144332117125845
 5.74                         -0.27531499482100563
 5.76                         -0.32913249958872454
 5.78                         -0.38281333852832045
 5.8                         -0.4362746880505557
 5.82                         -0.4894335261513867
 5.84                         -0.5422067617263227
 5.86                         -0.5945113647688302
 5.88                         -0.6462644972483118
 5.9                         -0.6973836444610121
 5.92                         -0.7477867466453567
 5.94                         -0.7973923306517161
 5.96                         -0.8461196414554001
 5.98                         -0.8938887733008517
 6.                         -0.940620800264504
 6.0200000000000005                         -0.9862379060236093
 6.04                         -1.0306635126185364
 6.0600000000000005                         -1.073822407996568
 6.08                         -1.1156408721261133
 6.1000000000000005                         -1.1560468014714806
 6.12                         -1.194969831619932
 6.140000000000001                         -1.2323414578546648
 6.16                         -1.2680951534696354
 6.18                         -1.3021664856247468
 6.2                         -1.3344932285428714
 6.22                         -1.3650154738534703
 6.24                         -1.3936757378911788
 6.26                         -1.4204190657616829
 6.28                         -1.4451931319914717
 6.3                         -1.4679483375826408
 6.32                         -1.488637903298811
 6.34                         -1.5072179590134371
 6.36                         -1.5236476289572654
 6.38                         -1.5378891127075003
 6.4                         -1.5499077617672958
 6.42                         -1.5596721515905358
 6.44                         -1.5671541489134706
 6.46                         -1.5723289742616333
 6.48                         -1.5751752595075645
 6.5                         -1.5756751003622067
 6.5200000000000005                         -1.5738141036903905
 6.54                         -1.5695814295486028
 6.5600000000000005                         -1.562969827851195
 6.58                         -1.5539756695793456
 6.6000000000000005                         -1.5425989724554234
 6.62                         -1.5288434210138884
 6.640000000000001                         -1.5127163810085118
 6.66                         -1.4942289081044715
 6.68                         -1.4733957508127813
 6.7                         -1.450235347633517
 6.72                         -1.4247698183834088
 6.74                         -1.3970249496925449
 6.76                         -1.3670301746641829
 6.78                         -1.3348185467009583
 6.8                         -1.3004267075101157
 6.82                         -1.2638948493097377
 6.84                         -1.2252666712673101
 6.86                         -1.1845893302113064
 6.88                         -1.1419133856658037
 6.9                         -1.097292739267425
 6.92                         -1.0507845686331359
 6.94                         -1.0024492557565805
 6.96                         -0.9523503100197221
 6.98                         -0.9005542859155243
 7.                         -0.8471306955862746
 7.0200000000000005                         -0.7921519162908797
 7.04                         -0.735693092923051
 7.0600000000000005                         -0.677832035710728
 7.08                         -0.618649113235341
 7.1000000000000005                         -0.5582271409175866
 7.12                         -0.49665126512425706
 7.140000000000001                         -0.4340088430583191
 7.16                         -0.3703893186018672
 7.18                         -0.3058840942887634
 7.2                         -0.24058639959071218
 7.22                         -0.17459115570719003
 7.24                         -0.10799483705604426
 7.26                         -0.04089532966768366
 7.28                         0.026608213308408173
 7.3                         0.09441551877060539
 7.32                         0.1624253432861065
 7.34                         0.2305356249416706
 7.36                         0.2986436371953443
 7.38                         0.366646144496232
 7.4                         0.4344395594355479
 7.42                         0.5019201011887355
 7.44                         0.5689839550053575
 7.46                         0.6355274325007477
 7.48                         0.701447132501092
 7.5                         0.7666401021916601
 7.5200000000000005                         0.83100399831636
 7.54                         0.8944372481756293
 7.5600000000000005                         0.9568392101689189
 7.58                         1.0181103336276653
 7.6000000000000005                         1.0781523176846926
 7.62                         1.1368682689264318
 7.640000000000001                         1.194162857575202
 7.66                         1.2499424719500511
 7.68                         1.304115370956322
 7.7                         1.3565918343561716
 7.72                         1.4072843105747428
 7.74                         1.4561075617995543
 7.76                         1.5029788061339364
 7.78                         1.5478178565690013
 7.8                         1.5905472565426724
 7.82                         1.6310924118587349
 7.84                         1.6693817187436664
 7.86                         1.705346687824186
 7.88                         1.7389220638140002
 7.9                         1.7700459407041202
 7.92                         1.7986598722573732
 7.94                         1.8247089776143128
 7.96                         1.848142041824654
 7.98                         1.8689116111255935
 8.                         1.8869740827959265
 8.02                         1.902289789422718
 8.040000000000001                         1.9148230774254236
 8.06                         1.9245423796907697
 8.08                         1.9314202821803783
 8.1                         1.935433584382052
 8.120000000000001                         1.9365633534847988
 8.14                         1.9347949721670725
 8.16                         1.9301181798973
 8.18                         1.922527107655567
 8.2                         1.9120203059953118
 8.22                         1.8986007663740168
 8.24                         1.8822759356921854
 8.26                         1.8630577239903177
 8.28                         1.8409625052641412
 8.3                         1.816011111369008
 8.32                         1.7882288189950974
 8.34                         1.7576453297058663
 8.36                         1.7242947430430453
 8.38                         1.6882155227123659
 8.4                         1.6494504558751109
 8.42                         1.6080466055814853
 8.44                         1.564055256392699
 8.46                         1.5175318532495023
 8.48                         1.468535933655725
 8.5                         1.417131053256104
 8.52                         1.3633847048983285
 8.540000000000001                         1.3073682312797903
 8.56                         1.2491567312899372
 8.58                         1.1888289601694313
 8.6                         1.1264672236174393
 8.620000000000001                         1.0621572659883516
 8.64                         0.9959881527290034
 8.66                         0.9280521472170478
 8.68                         0.8584445821704846
 8.700000000000001                         0.7872637258074756
 8.72                         0.7146106429444458
 8.74                         0.6405890512290815
 8.76                         0.5653051727131664
 8.78                         0.48886758097823163
 8.8                         0.4113870440347312
 8.82                         0.33297636322285995
 8.84                         0.25375020835021433
 8.86                         0.17382494930822773
 8.88                         0.09331848441569021
 8.9                         0.012350065743672103
 8.92                         -0.06895987831819812
 8.94                         -0.15048992298890856
 8.96                         -0.232117829246654
 8.98                         -0.3137207279283666
 9.                         -0.3951753054996907
 9.02                         -0.4763579912133067
 9.040000000000001                         -0.5571451453703399
 9.06                         -0.637413248396859
 9.08                         -0.7170390904451789
 9.1                         -0.795899961227839
 9.120000000000001                         -0.8738738397907406
 9.14                         -0.9508395839309876
 9.16                         -1.0266771189645012
 9.18                         -1.1012676255484608
 9.200000000000001                         -1.174493726264069
 9.22                         -1.246239670666048
 9.24                         -1.316391518506644
 9.26                         -1.3848373208437503
 9.28                         -1.4514672987450556
 9.3                         -1.516174019302872
 9.32                         -1.578852568677511
 9.34                         -1.6394007218907314
 9.36                         -1.6977191090948955
 9.38                         -1.7537113780480171
 9.4                         -1.807284352529875
 9.42                         -1.8583481864397842
 9.44                         -1.9068165133224582
 9.46                         -1.9526065910746526
 9.48                         -1.995639441591946
 9.5                         -2.035839985122075
 9.52                         -2.07313716909869
 9.540000000000001                         -2.107464091237229
 9.56                         -2.1387581166827934
 9.58                         -2.166960989008467
 9.6                         -2.1920189348714034
 9.620000000000001                         -2.213882762143227
 9.64                         -2.2325079513408355
 9.66                         -2.2478547401935187
 9.68                         -2.2598882011924446
 9.700000000000001                         -2.2685783119789527
 9.72                         -2.273900018438752
 9.74                         -2.2758332903800214
 9.76                         -2.274363169684518
 9.78                         -2.269479810832143
 9.8                         -2.261178513710916
 9.82                         -2.2494597486360215
 9.84                         -2.2343291735134123
 9.86                         -2.21579764309547
 9.88                         -2.193881210288299
 9.9                         -2.1686011194824526
 9.92                         -2.139983791891173
 9.94                         -2.108060802892566
 9.96                         -2.0728688513845372
 9.98                         -2.034449721173727
 10.                         -1.9928502344320962
